 600.
 2800.0
 20.0
  0   .300000E+03   .100000E+04   .000000E+00   .339697E+00
  1   .300333E+03   .990719E+03   .000000E+00   .339697E+00
  2   .300667E+03   .981449E+03   .000000E+00   .339697E+00
  3   .301000E+03   .972179E+03   .000000E+00   .339697E+00
  4   .301333E+03   .962908E+03   .000000E+00   .339697E+00
  5   .301667E+03   .953638E+03   .000000E+00   .339697E+00
  6   .302000E+03   .944367E+03   .000000E+00   .339697E+00
  7   .302333E+03   .935097E+03   .000000E+00   .339697E+00
  8   .302667E+03   .925826E+03   .000000E+00   .339697E+00
  9   .303000E+03   .916556E+03   .000000E+00   .339697E+00
 10   .303333E+03   .907286E+03   .000000E+00   .339697E+00
 11   .303667E+03   .898015E+03   .000000E+00   .339697E+00
 12   .304000E+03   .888745E+03   .000000E+00   .339697E+00
 13   .304333E+03   .879474E+03   .000000E+00   .339697E+00
 14   .304667E+03   .870202E+03   .000000E+00   .339697E+00
 15   .305000E+03   .860945E+03   .000000E+00   .339697E+00
 16   .305333E+03   .851868E+03   .000000E+00   .351484E+00
 17   .305667E+03   .843232E+03   .000000E+00   .377695E+00
 18   .306000E+03   .835016E+03   .000000E+00   .392323E+00
 19   .306333E+03   .826798E+03   .000000E+00   .377695E+00
 20   .306667E+03   .818159E+03   .000000E+00   .351484E+00
 21   .307000E+03   .809080E+03   .000000E+00   .339697E+00
 22   .307333E+03   .799824E+03   .000000E+00   .339697E+00
 23   .307667E+03   .790551E+03   .000000E+00   .339697E+00
 24   .308000E+03   .781281E+03   .000000E+00   .339697E+00
 25   .308333E+03   .772010E+03   .000000E+00   .339697E+00
 26   .308667E+03   .762740E+03   .000000E+00   .339697E+00
 27   .309000E+03   .753469E+03   .000000E+00   .339697E+00
 28   .309333E+03   .744199E+03   .000000E+00   .339697E+00
 29   .309667E+03   .734928E+03   .000000E+00   .339697E+00
 30   .310000E+03   .725658E+03   .000000E+00   .339697E+00
 31   .310333E+03   .716387E+03   .000000E+00   .339697E+00
 32   .310667E+03   .707117E+03   .000000E+00   .339697E+00
 33   .311000E+03   .697846E+03   .000000E+00   .339697E+00
 34   .311333E+03   .688576E+03   .000000E+00   .339697E+00
 35   .311667E+03   .679305E+03   .000000E+00   .339697E+00
 36   .312000E+03   .670035E+03   .000000E+00   .339697E+00
 37   .312333E+03   .660764E+03   .000000E+00   .339697E+00
 38   .312667E+03   .651494E+03   .000000E+00   .339697E+00
 39   .313000E+03   .642223E+03   .000000E+00   .339697E+00
 40   .313333E+03   .632953E+03   .000000E+00   .339697E+00
 41   .313667E+03   .623682E+03   .000000E+00   .339697E+00
 42   .314000E+03   .614411E+03   .000000E+00   .339697E+00
 43   .314333E+03   .605141E+03   .000000E+00   .339697E+00
 44   .314667E+03   .595870E+03   .000000E+00   .339697E+00
 45   .315000E+03   .586600E+03   .000000E+00   .339697E+00
 46   .315333E+03   .577329E+03   .000000E+00   .339697E+00
 47   .315667E+03   .568059E+03   .000000E+00   .339697E+00
 48   .316000E+03   .558788E+03   .000000E+00   .339697E+00
 49   .316333E+03   .549517E+03   .000000E+00   .339697E+00
 50   .316667E+03   .540247E+03   .000000E+00   .339697E+00
 51   .317000E+03   .530976E+03   .000000E+00   .339697E+00
 52   .317333E+03   .521705E+03   .000000E+00   .339697E+00
 53   .317667E+03   .512435E+03   .000000E+00   .339697E+00
 54   .318000E+03   .503164E+03   .000000E+00   .339697E+00
 55   .318333E+03   .493893E+03   .000000E+00   .339697E+00
 56   .318667E+03   .484623E+03   .000000E+00   .339697E+00
 57   .319000E+03   .475352E+03   .000000E+00   .339697E+00
 58   .319333E+03   .466081E+03   .000000E+00   .339697E+00
 59   .319667E+03   .456810E+03   .000000E+00   .339697E+00
 60   .320000E+03   .440000E+03   .000000E+00   .339697E+00
 20.0
  0   .300000E+03   .100001E+04  -.226157E-09   .339754E+00
  1   .300333E+03   .990696E+03  -.228485E-09   .339754E+00
  2   .300667E+03   .981408E+03  -.229871E-09   .339755E+00
  3   .301000E+03   .972120E+03  -.235415E-09   .339756E+00
  4   .301333E+03   .962833E+03  -.240035E-09   .339757E+00
  5   .301667E+03   .953547E+03  -.248805E-09   .339759E+00
  6   .302000E+03   .944260E+03  -.256677E-09   .339761E+00
  7   .302333E+03   .934975E+03  -.268676E-09   .339764E+00
  8   .302667E+03   .925690E+03  -.279813E-09   .339767E+00
  9   .303000E+03   .916405E+03  -.295031E-09   .339770E+00
 10   .303333E+03   .907121E+03  -.309436E-09   .339774E+00
 11   .303667E+03   .897837E+03  -.327853E-09   .339778E+00
 12   .304000E+03   .888554E+03  -.345516E-09   .339782E+00
 13   .304333E+03   .879272E+03  -.367090E-09   .339787E+00
 14   .304667E+03   .869988E+03  -.387981E-09   .339792E+00
 15   .305000E+03   .860724E+03  -.412687E-09   .339798E+00
 16   .305333E+03   .851650E+03  -.436796E-09   .351600E+00
 17   .305667E+03   .843041E+03  -.466559E-09   .377842E+00
 18   .306000E+03   .834884E+03  -.509878E-09   .392500E+00
 19   .306333E+03   .826728E+03  -.570187E-09   .377876E+00
 20   .306667E+03   .818121E+03  -.644548E-09   .351657E+00
 21   .307000E+03   .809054E+03  -.724278E-09   .339876E+00
 22   .307333E+03   .799802E+03  -.804010E-09   .339897E+00
 23   .307667E+03   .790533E+03  -.886524E-09   .339918E+00
 24   .308000E+03   .781269E+03  -.969110E-09   .339939E+00
 25   .308333E+03   .772009E+03  -.105389E-08   .339961E+00
 26   .308667E+03   .762751E+03  -.113882E-08   .339982E+00
 27   .309000E+03   .753496E+03  -.122531E-08   .340005E+00
 28   .309333E+03   .744244E+03  -.131207E-08   .340027E+00
 29   .309667E+03   .734996E+03  -.139966E-08   .340050E+00
 30   .310000E+03   .725751E+03  -.148763E-08   .340072E+00
 31   .310333E+03   .716510E+03  -.157560E-08   .340095E+00
 32   .310667E+03   .707272E+03  -.166412E-08   .340118E+00
 33   .311000E+03   .698038E+03  -.175170E-08   .340140E+00
 34   .311333E+03   .688808E+03  -.184002E-08   .340163E+00
 35   .311667E+03   .679582E+03  -.192637E-08   .340186E+00
 36   .312000E+03   .670360E+03  -.201366E-08   .340208E+00
 37   .312333E+03   .661142E+03  -.209789E-08   .340230E+00
 38   .312667E+03   .651929E+03  -.218328E-08   .340252E+00
 39   .313000E+03   .642719E+03  -.226445E-08   .340274E+00
 40   .313333E+03   .633514E+03  -.234701E-08   .340295E+00
 41   .313667E+03   .624313E+03  -.242415E-08   .340316E+00
 42   .314000E+03   .615116E+03  -.250293E-08   .340337E+00
 43   .314333E+03   .605923E+03  -.257506E-08   .340356E+00
 44   .314667E+03   .596734E+03  -.264909E-08   .340376E+00
 45   .315000E+03   .587549E+03  -.271524E-08   .340394E+00
 46   .315333E+03   .578367E+03  -.278357E-08   .340412E+00
 47   .315667E+03   .569190E+03  -.284282E-08   .340428E+00
 48   .316000E+03   .560015E+03  -.290451E-08   .340445E+00
 49   .316333E+03   .550843E+03  -.295599E-08   .340459E+00
 50   .316667E+03   .541675E+03  -.301016E-08   .340474E+00
 51   .317000E+03   .532509E+03  -.305308E-08   .340486E+00
 52   .317333E+03   .523345E+03  -.309893E-08   .340498E+00
 53   .317667E+03   .514183E+03  -.313263E-08   .340508E+00
 54   .318000E+03   .505023E+03  -.316947E-08   .340518E+00
 55   .318333E+03   .495865E+03  -.319338E-08   .340526E+00
 56   .318667E+03   .486707E+03  -.322060E-08   .340533E+00
 57   .319000E+03   .477550E+03  -.323432E-08   .340537E+00
 58   .319333E+03   .468394E+03  -.325146E-08   .340541E+00
 59   .319667E+03   .459237E+03  -.325479E-08   .340543E+00
 60   .320000E+03   .440000E+03  -.326166E-08   .340544E+00
