 600.0
 30.0
  0   .300000E+03   .100000E+04   .299977E+03   .238914E+01
  1   .300333E+03   .983132E+03   .298880E+03   .148686E+03
  2   .300667E+03   .966299E+03   .297737E+03   .299455E+03
  3   .301000E+03   .949465E+03   .296564E+03   .453264E+03
  4   .301333E+03   .932631E+03   .295387E+03   .607244E+03
  5   .301667E+03   .915792E+03   .294179E+03   .764276E+03
  6   .302000E+03   .898981E+03   .292953E+03   .922923E+03
  7   .302333E+03   .882549E+03   .291723E+03   .108175E+04
  8   .302667E+03   .867344E+03   .290589E+03   .123062E+04
  9   .303000E+03   .854321E+03   .289665E+03   .135795E+04
 10   .303333E+03   .844091E+03   .288992E+03   .145935E+04
 11   .303667E+03   .836780E+03   .288586E+03   .153330E+04
 12   .304000E+03   .832011E+03   .288435E+03   .158120E+04
 13   .304333E+03   .828967E+03   .288453E+03   .161172E+04
 14   .304667E+03   .826532E+03   .288513E+03   .163791E+04
 15   .305000E+03   .823486E+03   .288529E+03   .166850E+04
 16   .305333E+03   .818711E+03   .288360E+03   .171809E+04
 17   .305667E+03   .811388E+03   .287933E+03   .179400E+04
 18   .306000E+03   .801140E+03   .287218E+03   .189923E+04
 19   .306333E+03   .788096E+03   .286172E+03   .203822E+04
 20   .306667E+03   .772875E+03   .284894E+03   .220079E+04
 21   .307000E+03   .756437E+03   .283455E+03   .237966E+04
 22   .307333E+03   .739625E+03   .281941E+03   .256606E+04
 23   .307667E+03   .722787E+03   .280408E+03   .275414E+04
 24   .308000E+03   .705952E+03   .278813E+03   .294830E+04
 25   .308333E+03   .689118E+03   .277201E+03   .314414E+04
 26   .308667E+03   .672283E+03   .275555E+03   .334315E+04
 27   .309000E+03   .655449E+03   .273847E+03   .354827E+04
 28   .309333E+03   .638614E+03   .272106E+03   .375657E+04
 29   .309667E+03   .621779E+03   .270332E+03   .396805E+04
 30   .310000E+03   .604944E+03   .268524E+03   .418272E+04
 31   .310333E+03   .588109E+03   .266654E+03   .440355E+04
 32   .310667E+03   .571274E+03   .264721E+03   .463055E+04
 33   .311000E+03   .554439E+03   .262740E+03   .486225E+04
 34   .311333E+03   .537604E+03   .260711E+03   .509866E+04
 35   .311667E+03   .520769E+03   .258633E+03   .533979E+04
 36   .312000E+03   .503933E+03   .256491E+03   .558713E+04
 37   .312333E+03   .487097E+03   .254286E+03   .584071E+04
 38   .312667E+03   .470262E+03   .252017E+03   .610053E+04
 39   .313000E+03   .453426E+03   .249670E+03   .636810E+04
 40   .313333E+03   .436589E+03   .247244E+03   .664344E+04
 41   .313667E+03   .419753E+03   .244740E+03   .692657E+04
 42   .314000E+03   .402916E+03   .242141E+03   .721899E+04
 43   .314333E+03   .386079E+03   .239463E+03   .751923E+04
 44   .314667E+03   .369242E+03   .236676E+03   .783030E+04
 45   .315000E+03   .352404E+03   .233794E+03   .815073E+04
 46   .315333E+03   .335566E+03   .230788E+03   .848356E+04
 47   .315667E+03   .318728E+03   .227642E+03   .883029E+04
 48   .316000E+03   .301888E+03   .224386E+03   .918796E+04
 49   .316333E+03   .285048E+03   .220975E+03   .956112E+04
 50   .316667E+03   .268208E+03   .217393E+03   .995131E+04
 51   .317000E+03   .251366E+03   .213611E+03   .103616E+05
 52   .317333E+03   .234523E+03   .209643E+03   .107905E+05
 53   .317667E+03   .217679E+03   .205443E+03   .112426E+05
 54   .318000E+03   .200832E+03   .200967E+03   .117225E+05
 55   .318333E+03   .183984E+03   .196214E+03   .122303E+05
 56   .318667E+03   .167132E+03   .191093E+03   .127751E+05
 57   .319000E+03   .150277E+03   .185559E+03   .133617E+05
 58   .319333E+03   .133415E+03   .179550E+03   .139961E+05
 59   .319667E+03   .116543E+03   .172917E+03   .146938E+05
 60   .320000E+03   .100000E+03   .165926E+03   .154274E+05
 30.0
  0   .300000E+03   .999879E+03   .299851E+03   .472732E+01
  1   .300333E+03   .983058E+03   .298613E+03   .165367E+03
  2   .300667E+03   .966238E+03   .297387E+03   .324748E+03
  3   .301000E+03   .949419E+03   .296156E+03   .484308E+03
  4   .301333E+03   .932601E+03   .294866E+03   .649802E+03
  5   .301667E+03   .915776E+03   .293587E+03   .814034E+03
  6   .302000E+03   .898982E+03   .292290E+03   .979896E+03
  7   .302333E+03   .882556E+03   .290989E+03   .114593E+04
  8   .302667E+03   .867328E+03   .289812E+03   .129915E+04
  9   .303000E+03   .854228E+03   .288802E+03   .143516E+04
 10   .303333E+03   .843850E+03   .288043E+03   .154525E+04
 11   .303667E+03   .836323E+03   .287566E+03   .162645E+04
 12   .304000E+03   .831271E+03   .287356E+03   .168016E+04
 13   .304333E+03   .827905E+03   .287302E+03   .171795E+04
 14   .304667E+03   .825131E+03   .287275E+03   .175287E+04
 15   .305000E+03   .821760E+03   .287219E+03   .179074E+04
 16   .305333E+03   .816702E+03   .286991E+03   .184616E+04
 17   .305667E+03   .809155E+03   .286477E+03   .193083E+04
 18   .306000E+03   .798758E+03   .285646E+03   .204775E+04
 19   .306333E+03   .785632E+03   .284527E+03   .219405E+04
 20   .306667E+03   .770387E+03   .283176E+03   .236395E+04
 21   .307000E+03   .753958E+03   .281649E+03   .255161E+04
 22   .307333E+03   .737166E+03   .280032E+03   .274829E+04
 23   .307667E+03   .720352E+03   .278397E+03   .294665E+04
 24   .308000E+03   .703544E+03   .276743E+03   .314670E+04
 25   .308333E+03   .686739E+03   .275012E+03   .335432E+04
 26   .308667E+03   .669935E+03   .273263E+03   .356364E+04
 27   .309000E+03   .653134E+03   .271495E+03   .377467E+04
 28   .309333E+03   .636334E+03   .269665E+03   .399183E+04
 29   .309667E+03   .619537E+03   .267787E+03   .421367E+04
 30   .310000E+03   .602741E+03   .265876E+03   .443870E+04
 31   .310333E+03   .585948E+03   .263930E+03   .466694E+04
 32   .310667E+03   .569156E+03   .261907E+03   .490284E+04
 33   .311000E+03   .552367E+03   .259865E+03   .514048E+04
 34   .311333E+03   .535580E+03   .257760E+03   .538433E+04
 35   .311667E+03   .518795E+03   .255606E+03   .563289E+04
 36   .312000E+03   .502011E+03   .253388E+03   .588769E+04
 37   .312333E+03   .485230E+03   .251093E+03   .615022E+04
 38   .312667E+03   .468451E+03   .248762E+03   .641601E+04
 39   .313000E+03   .451674E+03   .246368E+03   .668807E+04
 40   .313333E+03   .434899E+03   .243880E+03   .696940E+04
 41   .313667E+03   .418126E+03   .241342E+03   .725551E+04
 42   .314000E+03   .401355E+03   .238725E+03   .754944E+04
 43   .314333E+03   .384586E+03   .236014E+03   .785267E+04
 44   .314667E+03   .367819E+03   .233223E+03   .816375E+04
 45   .315000E+03   .351053E+03   .230323E+03   .848569E+04
 46   .315333E+03   .334290E+03   .227328E+03   .881700E+04
 47   .315667E+03   .317528E+03   .224238E+03   .915771E+04
 48   .316000E+03   .300768E+03   .221022E+03   .951085E+04
 49   .316333E+03   .284010E+03   .217666E+03   .987796E+04
 50   .316667E+03   .267253E+03   .214170E+03   .102591E+05
 51   .317000E+03   .250497E+03   .210518E+03   .106557E+05
 52   .317333E+03   .233743E+03   .206665E+03   .110725E+05
 53   .317667E+03   .216989E+03   .202655E+03   .115049E+05
 54   .318000E+03   .200236E+03   .198399E+03   .119620E+05
 55   .318333E+03   .183482E+03   .193895E+03   .124439E+05
 56   .318667E+03   .166728E+03   .189069E+03   .129584E+05
 57   .319000E+03   .149972E+03   .183906E+03   .135068E+05
 58   .319333E+03   .133213E+03   .178313E+03   .140986E+05
 59   .319667E+03   .116443E+03   .172246E+03   .147382E+05
 60   .320000E+03   .100000E+03   .166121E+03   .153832E+05
