 600.0
 .0
  0   .300000E+03   .100000E+04   .299991E+03   .955657E+00
  1   .300333E+03   .984973E+03   .299034E+03   .132910E+03
  2   .300667E+03   .969972E+03   .298060E+03   .266447E+03
  3   .301000E+03   .954972E+03   .297070E+03   .401569E+03
  4   .301333E+03   .939972E+03   .296048E+03   .539720E+03
  5   .301667E+03   .924971E+03   .295009E+03   .679463E+03
  6   .302000E+03   .909971E+03   .293968E+03   .819362E+03
  7   .302333E+03   .894970E+03   .292895E+03   .962302E+03
  8   .302667E+03   .879970E+03   .291805E+03   .110685E+04
  9   .303000E+03   .864969E+03   .290697E+03   .125300E+04
 10   .303333E+03   .849969E+03   .289558E+03   .140220E+04
 11   .303667E+03   .834968E+03   .288402E+03   .155303E+04
 12   .304000E+03   .819967E+03   .287228E+03   .170547E+04
 13   .304333E+03   .804967E+03   .286037E+03   .185953E+04
 14   .304667E+03   .789966E+03   .284814E+03   .201667E+04
 15   .305000E+03   .774966E+03   .283559E+03   .217689E+04
 16   .305333E+03   .759965E+03   .282287E+03   .233875E+04
 17   .305667E+03   .744964E+03   .280997E+03   .250224E+04
 18   .306000E+03   .729963E+03   .279675E+03   .266884E+04
 19   .306333E+03   .714963E+03   .278320E+03   .283854E+04
 20   .306667E+03   .699962E+03   .276934E+03   .301136E+04
 21   .307000E+03   .684961E+03   .275515E+03   .318730E+04
 22   .307333E+03   .669960E+03   .274092E+03   .336342E+04
 23   .307667E+03   .654959E+03   .272622E+03   .354415E+04
 24   .308000E+03   .639958E+03   .271091E+03   .373096E+04
 25   .308333E+03   .624957E+03   .269557E+03   .391797E+04
 26   .308667E+03   .609956E+03   .267989E+03   .410813E+04
 27   .309000E+03   .594955E+03   .266374E+03   .430292E+04
 28   .309333E+03   .579954E+03   .264726E+03   .450088E+04
 29   .309667E+03   .564953E+03   .263031E+03   .470349E+04
 30   .310000E+03   .549951E+03   .261302E+03   .490927E+04
 31   .310333E+03   .534950E+03   .259526E+03   .511973E+04
 32   .310667E+03   .519949E+03   .257687E+03   .533634E+04
 33   .311000E+03   .504947E+03   .255814E+03   .555616E+04
 34   .311333E+03   .489945E+03   .253893E+03   .578068E+04
 35   .311667E+03   .474944E+03   .251910E+03   .601139E+04
 36   .312000E+03   .459942E+03   .249878E+03   .624681E+04
 37   .312333E+03   .444940E+03   .247797E+03   .648696E+04
 38   .312667E+03   .429938E+03   .245638E+03   .673484E+04
 39   .313000E+03   .414935E+03   .243401E+03   .699045E+04
 40   .313333E+03   .399933E+03   .241115E+03   .725083E+04
 41   .313667E+03   .384930E+03   .238765E+03   .751747E+04
 42   .314000E+03   .369928E+03   .236306E+03   .779490E+04
 43   .314333E+03   .354925E+03   .233769E+03   .808012E+04
 44   .314667E+03   .339921E+03   .231152E+03   .837317E+04
 45   .315000E+03   .324918E+03   .228426E+03   .867705E+04
 46   .315333E+03   .309914E+03   .225605E+03   .899029E+04
 47   .315667E+03   .294909E+03   .222661E+03   .931593E+04
 48   .316000E+03   .279904E+03   .219591E+03   .965398E+04
 49   .316333E+03   .264899E+03   .216381E+03   .100060E+05
 50   .316667E+03   .249893E+03   .213031E+03   .103720E+05
 51   .317000E+03   .234886E+03   .209511E+03   .107550E+05
 52   .317333E+03   .219878E+03   .205805E+03   .111566E+05
 53   .317667E+03   .204870E+03   .201913E+03   .115769E+05
 54   .318000E+03   .189859E+03   .197775E+03   .120218E+05
 55   .318333E+03   .174847E+03   .193375E+03   .124931E+05
 56   .318667E+03   .159833E+03   .188668E+03   .129954E+05
 57   .319000E+03   .144816E+03   .183608E+03   .135332E+05
 58   .319333E+03   .129795E+03   .178134E+03   .141127E+05
 59   .319667E+03   .114766E+03   .172156E+03   .147432E+05
 60   .320000E+03   .100000E+03   .165911E+03   .154004E+05
 .0
  0   .300000E+03   .999979E+03   .300019E+03  -.209926E+01
  1   .300333E+03   .985049E+03   .299048E+03   .131290E+03
  2   .300667E+03   .970123E+03   .298060E+03   .266262E+03
  3   .301000E+03   .955223E+03   .297084E+03   .399946E+03
  4   .301333E+03   .940365E+03   .296076E+03   .536659E+03
  5   .301667E+03   .925583E+03   .295052E+03   .674960E+03
  6   .302000E+03   .910884E+03   .294010E+03   .814860E+03
  7   .302333E+03   .896385E+03   .292923E+03   .959244E+03
  8   .302667E+03   .882267E+03   .291833E+03   .110379E+04
  9   .303000E+03   .868735E+03   .290768E+03   .124559E+04
 10   .303333E+03   .855935E+03   .289757E+03   .138176E+04
 11   .303667E+03   .843835E+03   .288870E+03   .150503E+04
 12   .304000E+03   .832375E+03   .288137E+03   .161246E+04
 13   .304333E+03   .821314E+03   .287572E+03   .170256E+04
 14   .304667E+03   .810403E+03   .287047E+03   .178841E+04
 15   .305000E+03   .799344E+03   .286422E+03   .188454E+04
 16   .305333E+03   .787847E+03   .285651E+03   .199537E+04
 17   .305667E+03   .775732E+03   .284664E+03   .212822E+04
 18   .306000E+03   .762848E+03   .283503E+03   .227874E+04
 19   .306333E+03   .749238E+03   .282239E+03   .243967E+04
 20   .306667E+03   .734980E+03   .280914E+03   .260663E+04
 21   .307000E+03   .720279E+03   .279542E+03   .277816E+04
 22   .307333E+03   .705345E+03   .278153E+03   .295136E+04
 23   .307667E+03   .690243E+03   .276730E+03   .312768E+04
 24   .308000E+03   .675022E+03   .275262E+03   .330860E+04
 25   .308333E+03   .659698E+03   .273746E+03   .349414E+04
 26   .308667E+03   .644285E+03   .272197E+03   .368282E+04
 27   .309000E+03   .628795E+03   .270615E+03   .387467E+04
 28   .309333E+03   .613235E+03   .268958E+03   .407410E+04
 29   .309667E+03   .597614E+03   .267267E+03   .427671E+04
 30   .310000E+03   .581939E+03   .265543E+03   .448250E+04
 31   .310333E+03   .566215E+03   .263756E+03   .469443E+04
 32   .310667E+03   .550446E+03   .261922E+03   .491105E+04
 33   .311000E+03   .534637E+03   .260025E+03   .513384E+04
 34   .311333E+03   .518791E+03   .258065E+03   .536281E+04
 35   .311667E+03   .502911E+03   .256057E+03   .559650E+04
 36   .312000E+03   .487001E+03   .253986E+03   .583639E+04
 37   .312333E+03   .471062E+03   .251851E+03   .608251E+04
 38   .312667E+03   .455097E+03   .249653E+03   .633487E+04
 39   .313000E+03   .439108E+03   .247376E+03   .659497E+04
 40   .313333E+03   .423097E+03   .245035E+03   .686133E+04
 41   .313667E+03   .407065E+03   .242602E+03   .713696E+04
 42   .314000E+03   .391013E+03   .240074E+03   .742188E+04
 43   .314333E+03   .374943E+03   .237452E+03   .771612E+04
 44   .314667E+03   .358856E+03   .234751E+03   .801818E+04
 45   .315000E+03   .342753E+03   .231941E+03   .833109E+04
 46   .315333E+03   .326635E+03   .229006E+03   .865638E+04
 47   .315667E+03   .310503E+03   .225962E+03   .899257E+04
 48   .316000E+03   .294357E+03   .222763E+03   .934420E+04
 49   .316333E+03   .278198E+03   .219439E+03   .970829E+04
 50   .316667E+03   .262027E+03   .215944E+03   .100894E+05
 51   .317000E+03   .245845E+03   .212249E+03   .104906E+05
 52   .317333E+03   .229651E+03   .208383E+03   .109089E+05
 53   .317667E+03   .213446E+03   .204286E+03   .113504E+05
 54   .318000E+03   .197229E+03   .199943E+03   .118166E+05
 55   .318333E+03   .181002E+03   .195292E+03   .123138E+05
 56   .318667E+03   .164764E+03   .190304E+03   .128449E+05
 57   .319000E+03   .148513E+03   .184948E+03   .134132E+05
 58   .319333E+03   .132249E+03   .179103E+03   .140308E+05
 59   .319667E+03   .115972E+03   .172679E+03   .147072E+05
 60   .320000E+03   .100000E+03   .165926E+03   .154163E+05
