 600.
 2800.0
 15.0
  0   .300000E+03   .100000E+04   .000000E+00   .247619E+00
  1   .300333E+03   .990234E+03   .000000E+00   .247619E+00
  2   .300667E+03   .980479E+03   .000000E+00   .247619E+00
  3   .301000E+03   .970724E+03   .000000E+00   .247619E+00
  4   .301333E+03   .960970E+03   .000000E+00   .247619E+00
  5   .301667E+03   .951215E+03   .000000E+00   .247619E+00
  6   .302000E+03   .941460E+03   .000000E+00   .247619E+00
  7   .302333E+03   .931705E+03   .000000E+00   .247619E+00
  8   .302667E+03   .921950E+03   .000000E+00   .247619E+00
  9   .303000E+03   .912195E+03   .000000E+00   .247619E+00
 10   .303333E+03   .902441E+03   .000000E+00   .247619E+00
 11   .303667E+03   .892686E+03   .000000E+00   .247619E+00
 12   .304000E+03   .882931E+03   .000000E+00   .247619E+00
 13   .304333E+03   .873176E+03   .000000E+00   .247619E+00
 14   .304667E+03   .863419E+03   .000000E+00   .247619E+00
 15   .305000E+03   .853675E+03   .000000E+00   .247619E+00
 16   .305333E+03   .844098E+03   .000000E+00   .254997E+00
 17   .305667E+03   .835049E+03   .000000E+00   .277597E+00
 18   .306000E+03   .826890E+03   .000000E+00   .315834E+00
 19   .306333E+03   .819758E+03   .000000E+00   .366289E+00
 20   .306667E+03   .813516E+03   .000000E+00   .414799E+00
 21   .307000E+03   .807788E+03   .000000E+00   .435931E+00
 22   .307333E+03   .802059E+03   .000000E+00   .414799E+00
 23   .307667E+03   .795814E+03   .000000E+00   .366289E+00
 24   .308000E+03   .788678E+03   .000000E+00   .315834E+00
 25   .308333E+03   .780513E+03   .000000E+00   .277597E+00
 26   .308667E+03   .771460E+03   .000000E+00   .254997E+00
 27   .309000E+03   .761882E+03   .000000E+00   .247619E+00
 28   .309333E+03   .752137E+03   .000000E+00   .247619E+00
 29   .309667E+03   .742380E+03   .000000E+00   .247619E+00
 30   .310000E+03   .732626E+03   .000000E+00   .247619E+00
 31   .310333E+03   .722871E+03   .000000E+00   .247619E+00
 32   .310667E+03   .713116E+03   .000000E+00   .247619E+00
 33   .311000E+03   .703361E+03   .000000E+00   .247619E+00
 34   .311333E+03   .693606E+03   .000000E+00   .247619E+00
 35   .311667E+03   .683851E+03   .000000E+00   .247619E+00
 36   .312000E+03   .674096E+03   .000000E+00   .247619E+00
 37   .312333E+03   .664341E+03   .000000E+00   .247619E+00
 38   .312667E+03   .654586E+03   .000000E+00   .247619E+00
 39   .313000E+03   .644831E+03   .000000E+00   .247619E+00
 40   .313333E+03   .635076E+03   .000000E+00   .247619E+00
 41   .313667E+03   .625321E+03   .000000E+00   .247619E+00
 42   .314000E+03   .615566E+03   .000000E+00   .247619E+00
 43   .314333E+03   .605811E+03   .000000E+00   .247619E+00
 44   .314667E+03   .596056E+03   .000000E+00   .247619E+00
 45   .315000E+03   .586301E+03   .000000E+00   .247619E+00
 46   .315333E+03   .576546E+03   .000000E+00   .247619E+00
 47   .315667E+03   .566791E+03   .000000E+00   .247619E+00
 48   .316000E+03   .557036E+03   .000000E+00   .247619E+00
 49   .316333E+03   .547281E+03   .000000E+00   .247619E+00
 50   .316667E+03   .537526E+03   .000000E+00   .247619E+00
 51   .317000E+03   .527771E+03   .000000E+00   .247619E+00
 52   .317333E+03   .518016E+03   .000000E+00   .247619E+00
 53   .317667E+03   .508261E+03   .000000E+00   .247619E+00
 54   .318000E+03   .498506E+03   .000000E+00   .247619E+00
 55   .318333E+03   .488750E+03   .000000E+00   .247619E+00
 56   .318667E+03   .478995E+03   .000000E+00   .247619E+00
 57   .319000E+03   .469240E+03   .000000E+00   .247619E+00
 58   .319333E+03   .459485E+03   .000000E+00   .247619E+00
 59   .319667E+03   .449730E+03   .000000E+00   .247619E+00
 60   .320000E+03   .440000E+03   .000000E+00   .247619E+00
 15.0
  0   .300000E+03   .999906E+03   .722694E-09   .247886E+00
  1   .300333E+03   .990125E+03   .734659E-09   .247885E+00
  2   .300667E+03   .980344E+03   .768881E-09   .247881E+00
  3   .301000E+03   .970562E+03   .825936E-09   .247874E+00
  4   .301333E+03   .960779E+03   .905872E-09   .247863E+00
  5   .301667E+03   .950994E+03   .100906E-08   .247850E+00
  6   .302000E+03   .941207E+03   .113575E-08   .247834E+00
  7   .302333E+03   .931419E+03   .128610E-08   .247815E+00
  8   .302667E+03   .921627E+03   .146054E-08   .247792E+00
  9   .303000E+03   .911832E+03   .165902E-08   .247767E+00
 10   .303333E+03   .902034E+03   .188201E-08   .247738E+00
 11   .303667E+03   .892232E+03   .212932E-08   .247707E+00
 12   .304000E+03   .882426E+03   .240132E-08   .247672E+00
 13   .304333E+03   .872615E+03   .269771E-08   .247634E+00
 14   .304667E+03   .862796E+03   .301854E-08   .247594E+00
 15   .305000E+03   .852988E+03   .336345E-08   .247550E+00
 16   .305333E+03   .843347E+03   .373201E-08   .254875E+00
 17   .305667E+03   .834252E+03   .411993E-08   .277388E+00
 18   .306000E+03   .826083E+03   .448277E-08   .315484E+00
 19   .306333E+03   .818981E+03   .480712E-08   .365725E+00
 20   .306667E+03   .812811E+03   .500687E-08   .414023E+00
 21   .307000E+03   .807172E+03   .510779E-08   .435081E+00
 22   .307333E+03   .801535E+03   .503063E-08   .414135E+00
 23   .307667E+03   .795364E+03   .485142E-08   .365899E+00
 24   .308000E+03   .788264E+03   .453940E-08   .315676E+00
 25   .308333E+03   .780098E+03   .418160E-08   .277583E+00
 26   .308667E+03   .771009E+03   .378864E-08   .255081E+00
 27   .309000E+03   .761378E+03   .340858E-08   .247786E+00
 28   .309333E+03   .751583E+03   .304423E-08   .247872E+00
 29   .309667E+03   .741779E+03   .269800E-08   .247956E+00
 30   .310000E+03   .731985E+03   .236859E-08   .248039E+00
 31   .310333E+03   .722197E+03   .205772E-08   .248120E+00
 32   .310667E+03   .712416E+03   .176402E-08   .248198E+00
 33   .311000E+03   .702641E+03   .148874E-08   .248274E+00
 34   .311333E+03   .692871E+03   .123020E-08   .248349E+00
 35   .311667E+03   .683106E+03   .989295E-09   .248420E+00
 36   .312000E+03   .673347E+03   .764222E-09   .248490E+00
 37   .312333E+03   .663592E+03   .563375E-09   .248557E+00
 38   .312667E+03   .653842E+03   .372749E-09   .248621E+00
 39   .313000E+03   .644096E+03   .199047E-09   .248683E+00
 40   .313333E+03   .634353E+03   .384682E-10   .248742E+00
 41   .313667E+03   .624615E+03  -.108957E-09   .248799E+00
 42   .314000E+03   .614880E+03  -.247478E-09   .248854E+00
 43   .314333E+03   .605148E+03  -.368016E-09   .248905E+00
 44   .314667E+03   .595418E+03  -.478694E-09   .248954E+00
 45   .315000E+03   .585692E+03  -.572651E-09   .249001E+00
 46   .315333E+03   .575968E+03  -.658269E-09   .249044E+00
 47   .315667E+03   .566246E+03  -.733413E-09   .249085E+00
 48   .316000E+03   .556526E+03  -.802776E-09   .249123E+00
 49   .316333E+03   .546808E+03  -.861732E-09   .249158E+00
 50   .316667E+03   .537091E+03  -.916059E-09   .249191E+00
 51   .317000E+03   .527376E+03  -.960665E-09   .249220E+00
 52   .317333E+03   .517662E+03  -.100192E-08   .249247E+00
 53   .317667E+03   .507949E+03  -.103417E-08   .249271E+00
 54   .318000E+03   .498237E+03  -.106421E-08   .249291E+00
 55   .318333E+03   .488526E+03  -.108590E-08   .249309E+00
 56   .318667E+03   .478815E+03  -.110626E-08   .249324E+00
 57   .319000E+03   .469104E+03  -.111876E-08   .249335E+00
 58   .319333E+03   .459394E+03  -.113054E-08   .249344E+00
 59   .319667E+03   .449684E+03  -.113474E-08   .249349E+00
 60   .320000E+03   .440000E+03  -.113852E-08   .249351E+00
