 600.  
 30.0
  0   .300000E+03   .100000E+04   .299991E+03   .955657E+00
  1   .300333E+03   .984973E+03   .299034E+03   .132910E+03
  2   .300667E+03   .969972E+03   .298060E+03   .266447E+03
  3   .301000E+03   .954972E+03   .297070E+03   .401569E+03
  4   .301333E+03   .939972E+03   .296048E+03   .539720E+03
  5   .301667E+03   .924971E+03   .295009E+03   .679463E+03
  6   .302000E+03   .909971E+03   .293968E+03   .819362E+03
  7   .302333E+03   .894970E+03   .292895E+03   .962302E+03
  8   .302667E+03   .879969E+03   .291805E+03   .110685E+04
  9   .303000E+03   .864931E+03   .290683E+03   .125444E+04
 10   .303333E+03   .850305E+03   .289587E+03   .139930E+04
 11   .303667E+03   .838046E+03   .288714E+03   .152111E+04
 12   .304000E+03   .830114E+03   .288250E+03   .160095E+04
 13   .304333E+03   .825969E+03   .288154E+03   .164309E+04
 14   .304667E+03   .823448E+03   .288200E+03   .167073E+04
 15   .305000E+03   .820193E+03   .288187E+03   .170424E+04
 16   .305333E+03   .813585E+03   .287847E+03   .177133E+04
 17   .305667E+03   .802314E+03   .287019E+03   .188812E+04
 18   .306000E+03   .788001E+03   .285861E+03   .203865E+04
 19   .306333E+03   .772968E+03   .284599E+03   .219957E+04
 20   .306667E+03   .757965E+03   .283305E+03   .236360E+04
 21   .307000E+03   .742964E+03   .281993E+03   .252927E+04
 22   .307333E+03   .727963E+03   .280678E+03   .269513E+04
 23   .307667E+03   .712963E+03   .279316E+03   .286557E+04
 24   .308000E+03   .697962E+03   .277908E+03   .304061E+04
 25   .308333E+03   .682961E+03   .276481E+03   .321731E+04
 26   .308667E+03   .667960E+03   .275036E+03   .339568E+04
 27   .309000E+03   .652959E+03   .273558E+03   .357719E+04
 28   .309333E+03   .637958E+03   .272034E+03   .376333E+04
 29   .309667E+03   .622957E+03   .270476E+03   .395263E+04
 30   .310000E+03   .607956E+03   .268900E+03   .414361E+04
 31   .310333E+03   .592955E+03   .267277E+03   .433924E+04
 32   .310667E+03   .577954E+03   .265606E+03   .453954E+04
 33   .311000E+03   .562952E+03   .263887E+03   .474450E+04
 34   .311333E+03   .547951E+03   .262135E+03   .495266E+04
 35   .311667E+03   .532950E+03   .260350E+03   .516402E+04
 36   .312000E+03   .517948E+03   .258516E+03   .538008E+04
 37   .312333E+03   .502947E+03   .256634E+03   .560084E+04
 38   .312667E+03   .487945E+03   .254689E+03   .582781E+04
 39   .313000E+03   .472943E+03   .252681E+03   .606100E+04
 40   .313333E+03   .457942E+03   .250638E+03   .629743E+04
 41   .313667E+03   .442940E+03   .248533E+03   .654011E+04
 42   .314000E+03   .427937E+03   .246348E+03   .679054E+04
 43   .314333E+03   .412935E+03   .244115E+03   .704574E+04
 44   .314667E+03   .397933E+03   .241803E+03   .730873E+04
 45   .315000E+03   .382930E+03   .239397E+03   .758102E+04
 46   .315333E+03   .367927E+03   .236942E+03   .785812E+04
 47   .315667E+03   .352924E+03   .234392E+03   .814456E+04
 48   .316000E+03   .337921E+03   .231733E+03   .844186E+04
 49   .316333E+03   .322917E+03   .228994E+03   .874703E+04
 50   .316667E+03   .307913E+03   .226131E+03   .906463E+04
 51   .317000E+03   .292909E+03   .223157E+03   .939315E+04
 52   .317333E+03   .277904E+03   .220058E+03   .973414E+04
 53   .317667E+03   .262898E+03   .216834E+03   .100876E+05
 54   .318000E+03   .247892E+03   .213453E+03   .104567E+05
 55   .318333E+03   .232885E+03   .209872E+03   .108459E+05
 56   .318667E+03   .217877E+03   .206135E+03   .112507E+05
 57   .319000E+03   .202868E+03   .202195E+03   .116758E+05
 58   .319333E+03   .187858E+03   .197993E+03   .121272E+05
 59   .319667E+03   .172845E+03   .193543E+03   .126035E+05
 60   .320000E+03   .158000E+03   .188949E+03   .130941E+05
 30.0
  0   .300000E+03   .999521E+03   .299935E+03   .113723E+01
  1   .300333E+03   .984877E+03   .298964E+03   .134526E+03
  2   .300667E+03   .969819E+03   .297948E+03   .272372E+03
  3   .301000E+03   .954762E+03   .296901E+03   .413244E+03
  4   .301333E+03   .939707E+03   .295837E+03   .555712E+03
  5   .301667E+03   .924651E+03   .294770E+03   .698336E+03
  6   .302000E+03   .909598E+03   .293686E+03   .842562E+03
  7   .302333E+03   .894453E+03   .292528E+03   .994167E+03
  8   .302667E+03   .879471E+03   .291367E+03   .114594E+04
  9   .303000E+03   .865296E+03   .290230E+03   .129498E+04
 10   .303333E+03   .852038E+03   .289289E+03   .142389E+04
 11   .303667E+03   .840268E+03   .288530E+03   .153411E+04
 12   .304000E+03   .831203E+03   .287910E+03   .162992E+04
 13   .304333E+03   .824703E+03   .287543E+03   .169968E+04
 14   .304667E+03   .819475E+03   .287289E+03   .175788E+04
 15   .305000E+03   .814010E+03   .287020E+03   .181760E+04
 16   .305333E+03   .806522E+03   .286535E+03   .189927E+04
 17   .305667E+03   .796118E+03   .285735E+03   .201314E+04
 18   .306000E+03   .783524E+03   .284703E+03   .215051E+04
 19   .306333E+03   .769649E+03   .283526E+03   .230266E+04
 20   .306667E+03   .754989E+03   .282231E+03   .246669E+04
 21   .307000E+03   .739922E+03   .280861E+03   .263823E+04
 22   .307333E+03   .724772E+03   .279444E+03   .281436E+04
 23   .307667E+03   .709965E+03   .278066E+03   .298627E+04
 24   .308000E+03   .695692E+03   .276714E+03   .315543E+04
 25   .308333E+03   .681735E+03   .275372E+03   .332329E+04
 26   .308667E+03   .667738E+03   .274013E+03   .349281E+04
 27   .309000E+03   .653416E+03   .272563E+03   .367137E+04
 28   .309333E+03   .638583E+03   .271037E+03   .385751E+04
 29   .309667E+03   .623255E+03   .269421E+03   .405273E+04
 30   .310000E+03   .607790E+03   .267743E+03   .425407E+04
 31   .310333E+03   .592548E+03   .266060E+03   .445563E+04
 32   .310667E+03   .577505E+03   .264373E+03   .465741E+04
 33   .311000E+03   .562502E+03   .262639E+03   .486386E+04
 34   .311333E+03   .547499E+03   .260885E+03   .507202E+04
 35   .311667E+03   .532499E+03   .259084E+03   .528487E+04
 36   .312000E+03   .517501E+03   .257205E+03   .550540E+04
 37   .312333E+03   .502503E+03   .255307E+03   .572765E+04
 38   .312667E+03   .487508E+03   .253375E+03   .595313E+04
 39   .313000E+03   .472513E+03   .251395E+03   .618333E+04
 40   .313333E+03   .457520E+03   .249351E+03   .641976E+04
 41   .313667E+03   .442528E+03   .247229E+03   .666393E+04
 42   .314000E+03   .427538E+03   .245058E+03   .691287E+04
 43   .314333E+03   .412548E+03   .242853E+03   .716506E+04
 44   .314667E+03   .397560E+03   .240569E+03   .742505E+04
 45   .315000E+03   .382573E+03   .238206E+03   .769282E+04
 46   .315333E+03   .367587E+03   .235764E+03   .796842E+04
 47   .315667E+03   .352602E+03   .233228E+03   .825335E+04
 48   .316000E+03   .337617E+03   .230626E+03   .854461E+04
 49   .316333E+03   .322634E+03   .227931E+03   .884525E+04
 50   .316667E+03   .307651E+03   .225125E+03   .915679E+04
 51   .317000E+03   .292669E+03   .222225E+03   .947775E+04
 52   .317333E+03   .277687E+03   .219184E+03   .981268E+04
 53   .317667E+03   .262706E+03   .216018E+03   .101601E+05
 54   .318000E+03   .247725E+03   .212711E+03   .105216E+05
 55   .318333E+03   .232744E+03   .209248E+03   .108986E+05
 56   .318667E+03   .217763E+03   .205599E+03   .112943E+05
 57   .319000E+03   .202781E+03   .201748E+03   .117102E+05
 58   .319333E+03   .187799E+03   .197695E+03   .121464E+05
 59   .319667E+03   .172815E+03   .193394E+03   .126074E+05
 60   .320000E+03   .158000E+03   .189009E+03   .130766E+05
