 4500.0
 30.0
  0   .300000E+03   .100000E+04   .299991E+03   .955657E+00
  1   .300333E+03   .984973E+03   .299034E+03   .132910E+03
  2   .300667E+03   .969972E+03   .298060E+03   .266447E+03
  3   .301000E+03   .954972E+03   .297070E+03   .401569E+03
  4   .301333E+03   .939972E+03   .296048E+03   .539720E+03
  5   .301667E+03   .924971E+03   .295009E+03   .679463E+03
  6   .302000E+03   .909971E+03   .293968E+03   .819362E+03
  7   .302333E+03   .894970E+03   .292895E+03   .962302E+03
  8   .302667E+03   .879969E+03   .291805E+03   .110685E+04
  9   .303000E+03   .864931E+03   .290683E+03   .125444E+04
 10   .303333E+03   .850305E+03   .289587E+03   .139930E+04
 11   .303667E+03   .838046E+03   .288714E+03   .152111E+04
 12   .304000E+03   .830114E+03   .288250E+03   .160095E+04
 13   .304333E+03   .825969E+03   .288154E+03   .164309E+04
 14   .304667E+03   .823448E+03   .288200E+03   .167073E+04
 15   .305000E+03   .820193E+03   .288187E+03   .170424E+04
 16   .305333E+03   .813585E+03   .287847E+03   .177133E+04
 17   .305667E+03   .802314E+03   .287019E+03   .188812E+04
 18   .306000E+03   .788001E+03   .285861E+03   .203865E+04
 19   .306333E+03   .772968E+03   .284599E+03   .219957E+04
 20   .306667E+03   .757965E+03   .283305E+03   .236360E+04
 21   .307000E+03   .742964E+03   .281993E+03   .252927E+04
 22   .307333E+03   .727963E+03   .280678E+03   .269513E+04
 23   .307667E+03   .712963E+03   .279316E+03   .286557E+04
 24   .308000E+03   .697962E+03   .277908E+03   .304061E+04
 25   .308333E+03   .682961E+03   .276481E+03   .321731E+04
 26   .308667E+03   .667960E+03   .275036E+03   .339568E+04
 27   .309000E+03   .652959E+03   .273558E+03   .357719E+04
 28   .309333E+03   .637958E+03   .272034E+03   .376333E+04
 29   .309667E+03   .622957E+03   .270476E+03   .395263E+04
 30   .310000E+03   .607956E+03   .268900E+03   .414361E+04
 31   .310333E+03   .592955E+03   .267277E+03   .433924E+04
 32   .310667E+03   .577954E+03   .265606E+03   .453954E+04
 33   .311000E+03   .562952E+03   .263887E+03   .474450E+04
 34   .311333E+03   .547951E+03   .262135E+03   .495266E+04
 35   .311667E+03   .532950E+03   .260350E+03   .516402E+04
 36   .312000E+03   .517948E+03   .258516E+03   .538008E+04
 37   .312333E+03   .502947E+03   .256634E+03   .560084E+04
 38   .312667E+03   .487945E+03   .254689E+03   .582781E+04
 39   .313000E+03   .472943E+03   .252681E+03   .606100E+04
 40   .313333E+03   .457942E+03   .250638E+03   .629743E+04
 41   .313667E+03   .442940E+03   .248533E+03   .654011E+04
 42   .314000E+03   .427937E+03   .246348E+03   .679054E+04
 43   .314333E+03   .412935E+03   .244115E+03   .704574E+04
 44   .314667E+03   .397933E+03   .241803E+03   .730873E+04
 45   .315000E+03   .382930E+03   .239397E+03   .758102E+04
 46   .315333E+03   .367927E+03   .236942E+03   .785812E+04
 47   .315667E+03   .352924E+03   .234392E+03   .814456E+04
 48   .316000E+03   .337921E+03   .231733E+03   .844186E+04
 49   .316333E+03   .322917E+03   .228994E+03   .874703E+04
 50   .316667E+03   .307913E+03   .226131E+03   .906463E+04
 51   .317000E+03   .292909E+03   .223157E+03   .939315E+04
 52   .317333E+03   .277904E+03   .220058E+03   .973414E+04
 53   .317667E+03   .262898E+03   .216834E+03   .100876E+05
 54   .318000E+03   .247892E+03   .213453E+03   .104567E+05
 55   .318333E+03   .232885E+03   .209872E+03   .108459E+05
 56   .318667E+03   .217877E+03   .206135E+03   .112507E+05
 57   .319000E+03   .202868E+03   .202195E+03   .116758E+05
 58   .319333E+03   .187858E+03   .197993E+03   .121272E+05
 59   .319667E+03   .172845E+03   .193543E+03   .126035E+05
 60   .320000E+03   .158000E+03   .188949E+03   .130941E+05
 .0
  0   .300000E+03   .100000E+04   .299991E+03   .955657E+00
  1   .300333E+03   .984973E+03   .299034E+03   .132910E+03
  2   .300667E+03   .969972E+03   .298060E+03   .266447E+03
  3   .301000E+03   .954972E+03   .297070E+03   .401569E+03
  4   .301333E+03   .939972E+03   .296048E+03   .539720E+03
  5   .301667E+03   .924971E+03   .295009E+03   .679463E+03
  6   .302000E+03   .909971E+03   .293968E+03   .819362E+03
  7   .302333E+03   .894970E+03   .292895E+03   .962302E+03
  8   .302667E+03   .879970E+03   .291805E+03   .110685E+04
  9   .303000E+03   .864969E+03   .290697E+03   .125300E+04
 10   .303333E+03   .849969E+03   .289558E+03   .140220E+04
 11   .303667E+03   .834968E+03   .288402E+03   .155303E+04
 12   .304000E+03   .819967E+03   .287228E+03   .170547E+04
 13   .304333E+03   .804967E+03   .286037E+03   .185953E+04
 14   .304667E+03   .789966E+03   .284814E+03   .201667E+04
 15   .305000E+03   .774966E+03   .283559E+03   .217689E+04
 16   .305333E+03   .759965E+03   .282287E+03   .233875E+04
 17   .305667E+03   .744964E+03   .280997E+03   .250224E+04
 18   .306000E+03   .729963E+03   .279675E+03   .266884E+04
 19   .306333E+03   .714963E+03   .278320E+03   .283854E+04
 20   .306667E+03   .699961E+03   .276934E+03   .301136E+04
 21   .307000E+03   .684923E+03   .275515E+03   .318730E+04
 22   .307333E+03   .670297E+03   .274121E+03   .336049E+04
 23   .307667E+03   .658042E+03   .272981E+03   .350741E+04
 24   .308000E+03   .650113E+03   .272328E+03   .360447E+04
 25   .308333E+03   .645969E+03   .272119E+03   .365600E+04
 26   .308667E+03   .643448E+03   .272125E+03   .368548E+04
 27   .309000E+03   .640192E+03   .272015E+03   .372681E+04
 28   .309333E+03   .633581E+03   .271500E+03   .380955E+04
 29   .309667E+03   .622305E+03   .270404E+03   .395154E+04
 30   .310000E+03   .607991E+03   .268886E+03   .413660E+04
 31   .310333E+03   .592958E+03   .267263E+03   .433224E+04
 32   .310667E+03   .577954E+03   .265606E+03   .453105E+04
 33   .311000E+03   .562952E+03   .263902E+03   .473453E+04
 34   .311333E+03   .547951E+03   .262150E+03   .494269E+04
 35   .311667E+03   .532950E+03   .260350E+03   .515554E+04
 36   .312000E+03   .517948E+03   .258516E+03   .537159E+04
 37   .312333E+03   .502947E+03   .256619E+03   .559385E+04
 38   .312667E+03   .487945E+03   .254674E+03   .582081E+04
 39   .313000E+03   .472943E+03   .252695E+03   .605102E+04
 40   .313333E+03   .457942E+03   .250638E+03   .628895E+04
 41   .313667E+03   .442940E+03   .248518E+03   .653312E+04
 42   .314000E+03   .427937E+03   .246363E+03   .678055E+04
 43   .314333E+03   .412935E+03   .244115E+03   .703726E+04
 44   .314667E+03   .397933E+03   .241788E+03   .730175E+04
 45   .315000E+03   .382930E+03   .239412E+03   .757103E+04
 46   .315333E+03   .367927E+03   .236942E+03   .784963E+04
 47   .315667E+03   .352924E+03   .234392E+03   .813607E+04
 48   .316000E+03   .337921E+03   .231733E+03   .843338E+04
 49   .316333E+03   .322917E+03   .228979E+03   .874005E+04
 50   .316667E+03   .307913E+03   .226145E+03   .905462E+04
 51   .317000E+03   .292909E+03   .223172E+03   .938315E+04
 52   .317333E+03   .277904E+03   .220058E+03   .972566E+04
 53   .317667E+03   .262898E+03   .216819E+03   .100807E+05
 54   .318000E+03   .247892E+03   .213438E+03   .104497E+05
 55   .318333E+03   .232885E+03   .209887E+03   .108359E+05
 56   .318667E+03   .217877E+03   .206135E+03   .112422E+05
 57   .319000E+03   .202868E+03   .202180E+03   .116688E+05
 58   .319333E+03   .187858E+03   .198008E+03   .121172E+05
 59   .319667E+03   .172845E+03   .193543E+03   .125950E+05
 60   .320000E+03   .158000E+03   .188904E+03   .130902E+05
 -100.0
 -100.0
