 30.0
  0   .300000E+03   .999521E+03   .299935E+03   .113723E+01
  1   .300333E+03   .984877E+03   .298964E+03   .134526E+03
  2   .300667E+03   .969819E+03   .297948E+03   .272372E+03
  3   .301000E+03   .954762E+03   .296901E+03   .413244E+03
  4   .301333E+03   .939707E+03   .295837E+03   .555712E+03
  5   .301667E+03   .924651E+03   .294770E+03   .698336E+03
  6   .302000E+03   .909598E+03   .293686E+03   .842562E+03
  7   .302333E+03   .894453E+03   .292528E+03   .994167E+03
  8   .302667E+03   .879471E+03   .291367E+03   .114594E+04
  9   .303000E+03   .865296E+03   .290230E+03   .129498E+04
 10   .303333E+03   .852038E+03   .289289E+03   .142389E+04
 11   .303667E+03   .840268E+03   .288530E+03   .153411E+04
 12   .304000E+03   .831203E+03   .287910E+03   .162992E+04
 13   .304333E+03   .824703E+03   .287543E+03   .169968E+04
 14   .304667E+03   .819475E+03   .287289E+03   .175788E+04
 15   .305000E+03   .814010E+03   .287020E+03   .181760E+04
 16   .305333E+03   .806522E+03   .286535E+03   .189927E+04
 17   .305667E+03   .796118E+03   .285735E+03   .201314E+04
 18   .306000E+03   .783524E+03   .284703E+03   .215051E+04
 19   .306333E+03   .769649E+03   .283526E+03   .230266E+04
 20   .306667E+03   .754989E+03   .282231E+03   .246669E+04
 21   .307000E+03   .739922E+03   .280861E+03   .263823E+04
 22   .307333E+03   .724772E+03   .279444E+03   .281436E+04
 23   .307667E+03   .709965E+03   .278066E+03   .298627E+04
 24   .308000E+03   .695692E+03   .276714E+03   .315543E+04
 25   .308333E+03   .681735E+03   .275372E+03   .332329E+04
 26   .308667E+03   .667738E+03   .274013E+03   .349281E+04
 27   .309000E+03   .653416E+03   .272563E+03   .367137E+04
 28   .309333E+03   .638583E+03   .271037E+03   .385751E+04
 29   .309667E+03   .623255E+03   .269421E+03   .405273E+04
 30   .310000E+03   .607790E+03   .267743E+03   .425407E+04
 31   .310333E+03   .592548E+03   .266060E+03   .445563E+04
 32   .310667E+03   .577505E+03   .264373E+03   .465741E+04
 33   .311000E+03   .562502E+03   .262639E+03   .486386E+04
 34   .311333E+03   .547499E+03   .260885E+03   .507202E+04
 35   .311667E+03   .532499E+03   .259084E+03   .528487E+04
 36   .312000E+03   .517501E+03   .257205E+03   .550540E+04
 37   .312333E+03   .502503E+03   .255307E+03   .572765E+04
 38   .312667E+03   .487508E+03   .253375E+03   .595313E+04
 39   .313000E+03   .472513E+03   .251395E+03   .618333E+04
 40   .313333E+03   .457520E+03   .249351E+03   .641976E+04
 41   .313667E+03   .442528E+03   .247229E+03   .666393E+04
 42   .314000E+03   .427538E+03   .245058E+03   .691287E+04
 43   .314333E+03   .412548E+03   .242853E+03   .716506E+04
 44   .314667E+03   .397560E+03   .240569E+03   .742505E+04
 45   .315000E+03   .382573E+03   .238206E+03   .769282E+04
 46   .315333E+03   .367587E+03   .235764E+03   .796842E+04
 47   .315667E+03   .352602E+03   .233228E+03   .825335E+04
 48   .316000E+03   .337617E+03   .230626E+03   .854461E+04
 49   .316333E+03   .322634E+03   .227931E+03   .884525E+04
 50   .316667E+03   .307651E+03   .225125E+03   .915679E+04
 51   .317000E+03   .292669E+03   .222225E+03   .947775E+04
 52   .317333E+03   .277687E+03   .219184E+03   .981268E+04
 53   .317667E+03   .262706E+03   .216018E+03   .101601E+05
 54   .318000E+03   .247725E+03   .212711E+03   .105216E+05
 55   .318333E+03   .232744E+03   .209248E+03   .108986E+05
 56   .318667E+03   .217763E+03   .205599E+03   .112943E+05
 57   .319000E+03   .202781E+03   .201748E+03   .117102E+05
 58   .319333E+03   .187799E+03   .197695E+03   .121464E+05
 59   .319667E+03   .172815E+03   .193394E+03   .126074E+05
 60   .320000E+03   .158000E+03   .189009E+03   .130766E+05
 .0
  0   .300000E+03   .999634E+03   .300033E+03  -.655900E+01
  1   .300333E+03   .985262E+03   .299062E+03   .126828E+03
  2   .300667E+03   .970474E+03   .298102E+03   .258929E+03
  3   .301000E+03   .955685E+03   .297126E+03   .392614E+03
  4   .301333E+03   .940895E+03   .296133E+03   .527886E+03
  5   .301667E+03   .926107E+03   .295122E+03   .664749E+03
  6   .302000E+03   .911315E+03   .294095E+03   .803205E+03
  7   .302333E+03   .896646E+03   .293050E+03   .943258E+03
  8   .302667E+03   .881766E+03   .291974E+03   .108636E+04
  9   .303000E+03   .865654E+03   .290754E+03   .124409E+04
 10   .303333E+03   .848443E+03   .289403E+03   .141503E+04
 11   .303667E+03   .832192E+03   .288133E+03   .157744E+04
 12   .304000E+03   .818680E+03   .287101E+03   .171536E+04
 13   .304333E+03   .807724E+03   .286321E+03   .182726E+04
 14   .304667E+03   .798037E+03   .285639E+03   .192911E+04
 15   .305000E+03   .788104E+03   .284926E+03   .203399E+04
 16   .305333E+03   .776147E+03   .283998E+03   .216086E+04
 17   .305667E+03   .761055E+03   .282724E+03   .232290E+04
 18   .306000E+03   .744160E+03   .281217E+03   .250850E+04
 19   .306333E+03   .727807E+03   .279736E+03   .269136E+04
 20   .306667E+03   .713046E+03   .278408E+03   .285832E+04
 21   .307000E+03   .700430E+03   .277292E+03   .300346E+04
 22   .307333E+03   .689689E+03   .276373E+03   .312821E+04
 23   .307667E+03   .679798E+03   .275524E+03   .324576E+04
 24   .308000E+03   .670365E+03   .274715E+03   .335901E+04
 25   .308333E+03   .661202E+03   .273918E+03   .347093E+04
 26   .308667E+03   .651937E+03   .273119E+03   .358296E+04
 27   .309000E+03   .642280E+03   .272246E+03   .370249E+04
 28   .309333E+03   .632029E+03   .271268E+03   .383250E+04
 29   .309667E+03   .621431E+03   .270260E+03   .396559E+04
 30   .310000E+03   .610235E+03   .269190E+03   .410476E+04
 31   .310333E+03   .597080E+03   .267828E+03   .427373E+04
 32   .310667E+03   .582036E+03   .266157E+03   .447403E+04
 33   .311000E+03   .566552E+03   .264396E+03   .468345E+04
 34   .311333E+03   .551172E+03   .262600E+03   .489607E+04
 35   .311667E+03   .535844E+03   .260772E+03   .511189E+04
 36   .312000E+03   .520565E+03   .258895E+03   .533242E+04
 37   .312333E+03   .505322E+03   .256969E+03   .555765E+04
 38   .312667E+03   .490109E+03   .255010E+03   .578612E+04
 39   .313000E+03   .474920E+03   .253002E+03   .601931E+04
 40   .313333E+03   .459749E+03   .250931E+03   .625873E+04
 41   .313667E+03   .444594E+03   .248796E+03   .650441E+04
 42   .314000E+03   .429453E+03   .246598E+03   .675634E+04
 43   .314333E+03   .414322E+03   .244335E+03   .701454E+04
 44   .314667E+03   .399201E+03   .242023E+03   .727753E+04
 45   .315000E+03   .384088E+03   .239618E+03   .754982E+04
 46   .315333E+03   .368982E+03   .237133E+03   .782993E+04
 47   .315667E+03   .353883E+03   .234569E+03   .811788E+04
 48   .316000E+03   .338788E+03   .231910E+03   .841518E+04
 49   .316333E+03   .323698E+03   .229157E+03   .872186E+04
 50   .316667E+03   .308612E+03   .226278E+03   .904097E+04
 51   .317000E+03   .293528E+03   .223290E+03   .937100E+04
 52   .317333E+03   .278448E+03   .220191E+03   .971200E+04
 53   .317667E+03   .263369E+03   .216937E+03   .100685E+05
 54   .318000E+03   .248292E+03   .213528E+03   .104406E+05
 55   .318333E+03   .233217E+03   .209976E+03   .108268E+05
 56   .318667E+03   .218141E+03   .206209E+03   .112346E+05
 57   .319000E+03   .203065E+03   .202240E+03   .116627E+05
 58   .319333E+03   .187989E+03   .198038E+03   .121142E+05
 59   .319667E+03   .172910E+03   .193558E+03   .125935E+05
 60   .320000E+03   .158000E+03   .188964E+03   .130841E+05
