  600. 
 2800.0
 30.0
  0   .300000E+03   .100000E+04   .000000E+00   .469923E+00
  1   .300333E+03   .991254E+03   .000000E+00   .469923E+00
  2   .300667E+03   .982517E+03   .000000E+00   .469923E+00
  3   .301000E+03   .973780E+03   .000000E+00   .469923E+00
  4   .301333E+03   .965043E+03   .000000E+00   .469923E+00
  5   .301667E+03   .956306E+03   .000000E+00   .469923E+00
  6   .302000E+03   .947569E+03   .000000E+00   .469923E+00
  7   .302333E+03   .938831E+03   .000000E+00   .469923E+00
  8   .302667E+03   .930095E+03   .000000E+00   .469923E+00
  9   .303000E+03   .921357E+03   .000000E+00   .469923E+00
 10   .303333E+03   .912620E+03   .000000E+00   .469923E+00
 11   .303667E+03   .903883E+03   .000000E+00   .469923E+00
 12   .304000E+03   .895146E+03   .000000E+00   .469923E+00
 13   .304333E+03   .886409E+03   .000000E+00   .469923E+00
 14   .304667E+03   .877672E+03   .000000E+00   .469923E+00
 15   .305000E+03   .868935E+03   .000000E+00   .469923E+00
 16   .305333E+03   .860198E+03   .000000E+00   .469923E+00
 17   .305667E+03   .851458E+03   .000000E+00   .469923E+00
 18   .306000E+03   .842736E+03   .000000E+00   .469923E+00
 19   .306333E+03   .834250E+03   .000000E+00   .489621E+00
 20   .306667E+03   .826512E+03   .000000E+00   .552945E+00
 21   .307000E+03   .820032E+03   .000000E+00   .671597E+00
 22   .307333E+03   .815007E+03   .000000E+00   .855080E+00
 23   .307667E+03   .811241E+03   .000000E+00   .106885E+01
 24   .308000E+03   .808202E+03   .000000E+00   .117651E+01
 25   .308333E+03   .805162E+03   .000000E+00   .106885E+01
 26   .308667E+03   .801394E+03   .000000E+00   .855080E+00
 27   .309000E+03   .796365E+03   .000000E+00   .671596E+00
 28   .309333E+03   .789879E+03   .000000E+00   .552945E+00
 29   .309667E+03   .782135E+03   .000000E+00   .489621E+00
 30   .310000E+03   .773648E+03   .000000E+00   .469923E+00
 31   .310333E+03   .764926E+03   .000000E+00   .469923E+00
 32   .310667E+03   .756186E+03   .000000E+00   .469923E+00
 33   .311000E+03   .747449E+03   .000000E+00   .469923E+00
 34   .311333E+03   .738712E+03   .000000E+00   .469923E+00
 35   .311667E+03   .729975E+03   .000000E+00   .469923E+00
 36   .312000E+03   .721237E+03   .000000E+00   .469923E+00
 37   .312333E+03   .712500E+03   .000000E+00   .469923E+00
 38   .312667E+03   .703763E+03   .000000E+00   .469923E+00
 39   .313000E+03   .695026E+03   .000000E+00   .469923E+00
 40   .313333E+03   .686289E+03   .000000E+00   .469923E+00
 41   .313667E+03   .677552E+03   .000000E+00   .469923E+00
 42   .314000E+03   .668815E+03   .000000E+00   .469923E+00
 43   .314333E+03   .660077E+03   .000000E+00   .469923E+00
 44   .314667E+03   .651340E+03   .000000E+00   .469923E+00
 45   .315000E+03   .642603E+03   .000000E+00   .469923E+00
 46   .315333E+03   .633866E+03   .000000E+00   .469923E+00
 47   .315667E+03   .625129E+03   .000000E+00   .469923E+00
 48   .316000E+03   .616392E+03   .000000E+00   .469923E+00
 49   .316333E+03   .607654E+03   .000000E+00   .469923E+00
 50   .316667E+03   .598917E+03   .000000E+00   .469923E+00
 51   .317000E+03   .590180E+03   .000000E+00   .469923E+00
 52   .317333E+03   .581443E+03   .000000E+00   .469923E+00
 53   .317667E+03   .572706E+03   .000000E+00   .469923E+00
 54   .318000E+03   .563968E+03   .000000E+00   .469923E+00
 55   .318333E+03   .555231E+03   .000000E+00   .469923E+00
 56   .318667E+03   .546494E+03   .000000E+00   .469923E+00
 57   .319000E+03   .537757E+03   .000000E+00   .469923E+00
 58   .319333E+03   .529019E+03   .000000E+00   .469923E+00
 59   .319667E+03   .520282E+03   .000000E+00   .469923E+00
 60   .320000E+03   .440000E+03   .000000E+00   .469923E+00
 30.0
  0   .300000E+03   .100048E+04  -.158112E-08   .470129E+00
  1   .300333E+03   .991036E+03  -.158171E-08   .470129E+00
  2   .300667E+03   .982056E+03  -.157958E-08   .470129E+00
  3   .301000E+03   .973076E+03  -.157505E-08   .470129E+00
  4   .301333E+03   .964096E+03  -.156774E-08   .470128E+00
  5   .301667E+03   .955116E+03  -.155799E-08   .470128E+00
  6   .302000E+03   .946136E+03  -.154539E-08   .470127E+00
  7   .302333E+03   .937156E+03  -.153032E-08   .470126E+00
  8   .302667E+03   .928176E+03  -.151233E-08   .470125E+00
  9   .303000E+03   .919197E+03  -.149182E-08   .470124E+00
 10   .303333E+03   .910217E+03  -.146834E-08   .470122E+00
 11   .303667E+03   .901238E+03  -.144232E-08   .470121E+00
 12   .304000E+03   .892258E+03  -.141325E-08   .470119E+00
 13   .304333E+03   .883279E+03  -.138161E-08   .470117E+00
 14   .304667E+03   .874299E+03  -.134688E-08   .470115E+00
 15   .305000E+03   .865319E+03  -.130952E-08   .470112E+00
 16   .305333E+03   .856340E+03  -.126903E-08   .470110E+00
 17   .305667E+03   .847355E+03  -.122588E-08   .470107E+00
 18   .306000E+03   .838389E+03  -.117954E-08   .470104E+00
 19   .306333E+03   .829649E+03  -.113014E-08   .489810E+00
 20   .306667E+03   .821627E+03  -.107985E-08   .553171E+00
 21   .307000E+03   .814814E+03  -.103208E-08   .671901E+00
 22   .307333E+03   .809393E+03  -.998792E-09   .855532E+00
 23   .307667E+03   .805186E+03  -.980232E-09   .106951E+01
 24   .308000E+03   .801675E+03  -.991793E-09   .117729E+01
 25   .308333E+03   .798163E+03  -.102438E-08   .106952E+01
 26   .308667E+03   .793953E+03  -.108756E-08   .855550E+00
 27   .309000E+03   .788529E+03  -.116608E-08   .671920E+00
 28   .309333E+03   .781711E+03  -.126025E-08   .553189E+00
 29   .309667E+03   .773685E+03  -.135786E-08   .489829E+00
 30   .310000E+03   .764945E+03  -.145572E-08   .470125E+00
 31   .310333E+03   .755982E+03  -.155128E-08   .470132E+00
 32   .310667E+03   .747001E+03  -.164452E-08   .470139E+00
 33   .311000E+03   .738026E+03  -.173575E-08   .470145E+00
 34   .311333E+03   .729052E+03  -.182450E-08   .470151E+00
 35   .311667E+03   .720078E+03  -.191113E-08   .470158E+00
 36   .312000E+03   .711105E+03  -.199511E-08   .470164E+00
 37   .312333E+03   .702134E+03  -.207687E-08   .470169E+00
 38   .312667E+03   .693163E+03  -.215579E-08   .470175E+00
 39   .313000E+03   .684192E+03  -.223237E-08   .470181E+00
 40   .313333E+03   .675223E+03  -.230594E-08   .470186E+00
 41   .313667E+03   .666254E+03  -.237705E-08   .470191E+00
 42   .314000E+03   .657286E+03  -.244495E-08   .470196E+00
 43   .314333E+03   .648319E+03  -.251028E-08   .470201E+00
 44   .314667E+03   .639353E+03  -.257220E-08   .470205E+00
 45   .315000E+03   .630387E+03  -.263143E-08   .470209E+00
 46   .315333E+03   .621422E+03  -.268703E-08   .470213E+00
 47   .315667E+03   .612457E+03  -.273983E-08   .470217E+00
 48   .316000E+03   .603494E+03  -.278879E-08   .470221E+00
 49   .316333E+03   .594530E+03  -.283480E-08   .470224E+00
 50   .316667E+03   .585567E+03  -.287678E-08   .470227E+00
 51   .317000E+03   .576605E+03  -.291566E-08   .470230E+00
 52   .317333E+03   .567643E+03  -.295028E-08   .470232E+00
 53   .317667E+03   .558682E+03  -.298167E-08   .470234E+00
 54   .318000E+03   .549721E+03  -.300857E-08   .470236E+00
 55   .318333E+03   .540761E+03  -.303209E-08   .470238E+00
 56   .318667E+03   .531801E+03  -.305089E-08   .470239E+00
 57   .319000E+03   .522841E+03  -.306615E-08   .470241E+00
 58   .319333E+03   .513882E+03  -.307644E-08   .470241E+00
 59   .319667E+03   .504926E+03  -.308332E-08   .470242E+00
 60   .320000E+03   .440000E+03  -.308498E-08   .470242E+00
