 600.
 2800.0
 30.0
  0   .300000E+03   .100000E+04   .000000E+00   .494178E+00
  1   .300333E+03   .990766E+03   .000000E+00   .494178E+00
  2   .300667E+03   .981541E+03   .000000E+00   .494178E+00
  3   .301000E+03   .972317E+03   .000000E+00   .494178E+00
  4   .301333E+03   .963092E+03   .000000E+00   .494178E+00
  5   .301667E+03   .953868E+03   .000000E+00   .494178E+00
  6   .302000E+03   .944643E+03   .000000E+00   .494178E+00
  7   .302333E+03   .935419E+03   .000000E+00   .494178E+00
  8   .302667E+03   .926194E+03   .000000E+00   .494178E+00
  9   .303000E+03   .916970E+03   .000000E+00   .494178E+00
 10   .303333E+03   .907745E+03   .000000E+00   .494178E+00
 11   .303667E+03   .898521E+03   .000000E+00   .494178E+00
 12   .304000E+03   .889297E+03   .000000E+00   .494178E+00
 13   .304333E+03   .880072E+03   .000000E+00   .494178E+00
 14   .304667E+03   .870844E+03   .000000E+00   .494178E+00
 15   .305000E+03   .861644E+03   .000000E+00   .494178E+00
 16   .305333E+03   .852754E+03   .000000E+00   .524447E+00
 17   .305667E+03   .844626E+03   .000000E+00   .597664E+00
 18   .306000E+03   .837225E+03   .000000E+00   .642514E+00
 19   .306333E+03   .829822E+03   .000000E+00   .597664E+00
 20   .306667E+03   .821689E+03   .000000E+00   .524447E+00
 21   .307000E+03   .812796E+03   .000000E+00   .494178E+00
 22   .307333E+03   .803596E+03   .000000E+00   .494178E+00
 23   .307667E+03   .794367E+03   .000000E+00   .494178E+00
 24   .308000E+03   .785143E+03   .000000E+00   .494178E+00
 25   .308333E+03   .775918E+03   .000000E+00   .494178E+00
 26   .308667E+03   .766694E+03   .000000E+00   .494178E+00
 27   .309000E+03   .757469E+03   .000000E+00   .494178E+00
 28   .309333E+03   .748245E+03   .000000E+00   .494178E+00
 29   .309667E+03   .739020E+03   .000000E+00   .494178E+00
 30   .310000E+03   .729796E+03   .000000E+00   .494178E+00
 31   .310333E+03   .720571E+03   .000000E+00   .494178E+00
 32   .310667E+03   .711347E+03   .000000E+00   .494178E+00
 33   .311000E+03   .702122E+03   .000000E+00   .494178E+00
 34   .311333E+03   .692898E+03   .000000E+00   .494178E+00
 35   .311667E+03   .683673E+03   .000000E+00   .494178E+00
 36   .312000E+03   .674449E+03   .000000E+00   .494178E+00
 37   .312333E+03   .665224E+03   .000000E+00   .494178E+00
 38   .312667E+03   .656000E+03   .000000E+00   .494178E+00
 39   .313000E+03   .646775E+03   .000000E+00   .494178E+00
 40   .313333E+03   .637551E+03   .000000E+00   .494178E+00
 41   .313667E+03   .628326E+03   .000000E+00   .494178E+00
 42   .314000E+03   .619101E+03   .000000E+00   .494178E+00
 43   .314333E+03   .609877E+03   .000000E+00   .494178E+00
 44   .314667E+03   .600652E+03   .000000E+00   .494178E+00
 45   .315000E+03   .591428E+03   .000000E+00   .494178E+00
 46   .315333E+03   .582203E+03   .000000E+00   .494178E+00
 47   .315667E+03   .572978E+03   .000000E+00   .494178E+00
 48   .316000E+03   .563754E+03   .000000E+00   .494178E+00
 49   .316333E+03   .554529E+03   .000000E+00   .494178E+00
 50   .316667E+03   .545304E+03   .000000E+00   .494178E+00
 51   .317000E+03   .536080E+03   .000000E+00   .494178E+00
 52   .317333E+03   .526855E+03   .000000E+00   .494178E+00
 53   .317667E+03   .517630E+03   .000000E+00   .494178E+00
 54   .318000E+03   .508406E+03   .000000E+00   .494178E+00
 55   .318333E+03   .499181E+03   .000000E+00   .494178E+00
 56   .318667E+03   .489956E+03   .000000E+00   .494178E+00
 57   .319000E+03   .480732E+03   .000000E+00   .494178E+00
 58   .319333E+03   .471507E+03   .000000E+00   .494178E+00
 59   .319667E+03   .462282E+03   .000000E+00   .494178E+00
 60   .320000E+03   .440000E+03   .947380E-07   .494178E+00
 30.0
  0   .300000E+03   .100008E+04  -.375575E-10   .494278E+00
  1   .300333E+03   .990725E+03  -.374135E-10   .494278E+00
  2   .300667E+03   .981459E+03  -.373050E-10   .494278E+00
  3   .301000E+03   .972193E+03  -.371330E-10   .494278E+00
  4   .301333E+03   .962927E+03  -.369976E-10   .494278E+00
  5   .301667E+03   .953662E+03  -.367968E-10   .494278E+00
  6   .302000E+03   .944396E+03  -.366339E-10   .494277E+00
  7   .302333E+03   .935130E+03  -.364037E-10   .494277E+00
  8   .302667E+03   .925865E+03  -.362126E-10   .494277E+00
  9   .303000E+03   .916599E+03  -.359523E-10   .494277E+00
 10   .303333E+03   .907333E+03  -.357324E-10   .494276E+00
 11   .303667E+03   .898068E+03  -.354415E-10   .494276E+00
 12   .304000E+03   .888802E+03  -.351924E-10   .494275E+00
 13   .304333E+03   .879537E+03  -.348703E-10   .494275E+00
 14   .304667E+03   .870268E+03  -.346022E-10   .494274E+00
 15   .305000E+03   .861025E+03  -.342496E-10   .494274E+00
 16   .305333E+03   .852082E+03  -.344448E-10   .524554E+00
 17   .305667E+03   .843876E+03  -.374920E-10   .597799E+00
 18   .306000E+03   .836367E+03  -.407532E-10   .642669E+00
 19   .306333E+03   .828856E+03  -.443792E-10   .597801E+00
 20   .306667E+03   .820645E+03  -.454312E-10   .524558E+00
 21   .307000E+03   .811699E+03  -.459536E-10   .494279E+00
 22   .307333E+03   .802455E+03  -.465151E-10   .494281E+00
 23   .307667E+03   .793187E+03  -.470132E-10   .494284E+00
 24   .308000E+03   .783921E+03  -.475415E-10   .494286E+00
 25   .308333E+03   .774656E+03  -.480122E-10   .494288E+00
 26   .308667E+03   .765392E+03  -.485150E-10   .494291E+00
 27   .309000E+03   .756127E+03  -.489561E-10   .494293E+00
 28   .309333E+03   .746863E+03  -.494317E-10   .494295E+00
 29   .309667E+03   .737599E+03  -.498412E-10   .494297E+00
 30   .310000E+03   .728336E+03  -.502880E-10   .494299E+00
 31   .310333E+03   .719072E+03  -.506638E-10   .494301E+00
 32   .310667E+03   .709809E+03  -.510799E-10   .494303E+00
 33   .311000E+03   .700546E+03  -.514203E-10   .494305E+00
 34   .311333E+03   .691283E+03  -.518038E-10   .494307E+00
 35   .311667E+03   .682020E+03  -.521067E-10   .494309E+00
 36   .312000E+03   .672758E+03  -.524559E-10   .494310E+00
 37   .312333E+03   .663495E+03  -.527195E-10   .494312E+00
 38   .312667E+03   .654233E+03  -.530323E-10   .494314E+00
 39   .313000E+03   .644972E+03  -.532544E-10   .494315E+00
 40   .313333E+03   .635710E+03  -.535290E-10   .494317E+00
 41   .313667E+03   .626449E+03  -.537073E-10   .494319E+00
 42   .314000E+03   .617187E+03  -.539415E-10   .494320E+00
 43   .314333E+03   .607926E+03  -.540738E-10   .494321E+00
 44   .314667E+03   .598665E+03  -.542655E-10   .494323E+00
 45   .315000E+03   .589405E+03  -.543493E-10   .494324E+00
 46   .315333E+03   .580144E+03  -.544962E-10   .494325E+00
 47   .315667E+03   .570883E+03  -.545288E-10   .494326E+00
 48   .316000E+03   .561623E+03  -.546285E-10   .494327E+00
 49   .316333E+03   .552363E+03  -.546072E-10   .494328E+00
 50   .316667E+03   .543103E+03  -.546570E-10   .494329E+00
 51   .317000E+03   .533843E+03  -.545790E-10   .494330E+00
 52   .317333E+03   .524584E+03  -.545760E-10   .494331E+00
 53   .317667E+03   .515324E+03  -.544378E-10   .494331E+00
 54   .318000E+03   .506064E+03  -.543793E-10   .494332E+00
 55   .318333E+03   .496805E+03  -.541777E-10   .494332E+00
 56   .318667E+03   .487546E+03  -.540601E-10   .494333E+00
 57   .319000E+03   .478287E+03  -.537913E-10   .494333E+00
 58   .319333E+03   .469028E+03  -.536152E-10   .494333E+00
 59   .319667E+03   .459769E+03  -.532756E-10   .494333E+00
 60   .320000E+03   .440000E+03   .950323E-07   .494333E+00
