 600.  
 .0
  0   .300000E+03   .100000E+04   .299991E+03   .955657E+00
  1   .300333E+03   .984973E+03   .299034E+03   .132910E+03
  2   .300667E+03   .969972E+03   .298060E+03   .266447E+03
  3   .301000E+03   .954972E+03   .297070E+03   .401569E+03
  4   .301333E+03   .939972E+03   .296048E+03   .539720E+03
  5   .301667E+03   .924971E+03   .295009E+03   .679463E+03
  6   .302000E+03   .909971E+03   .293968E+03   .819362E+03
  7   .302333E+03   .894970E+03   .292895E+03   .962302E+03
  8   .302667E+03   .879970E+03   .291805E+03   .110685E+04
  9   .303000E+03   .864969E+03   .290697E+03   .125300E+04
 10   .303333E+03   .849969E+03   .289558E+03   .140220E+04
 11   .303667E+03   .834968E+03   .288402E+03   .155303E+04
 12   .304000E+03   .819967E+03   .287228E+03   .170547E+04
 13   .304333E+03   .804967E+03   .286037E+03   .185953E+04
 14   .304667E+03   .789966E+03   .284814E+03   .201667E+04
 15   .305000E+03   .774966E+03   .283559E+03   .217689E+04
 16   .305333E+03   .759965E+03   .282287E+03   .233875E+04
 17   .305667E+03   .744964E+03   .280997E+03   .250224E+04
 18   .306000E+03   .729963E+03   .279675E+03   .266884E+04
 19   .306333E+03   .714963E+03   .278320E+03   .283854E+04
 20   .306667E+03   .699961E+03   .276934E+03   .301136E+04
 21   .307000E+03   .684923E+03   .275515E+03   .318730E+04
 22   .307333E+03   .670297E+03   .274121E+03   .336049E+04
 23   .307667E+03   .658042E+03   .272981E+03   .350741E+04
 24   .308000E+03   .650113E+03   .272328E+03   .360447E+04
 25   .308333E+03   .645969E+03   .272119E+03   .365600E+04
 26   .308667E+03   .643448E+03   .272125E+03   .368548E+04
 27   .309000E+03   .640192E+03   .272015E+03   .372681E+04
 28   .309333E+03   .633581E+03   .271500E+03   .380955E+04
 29   .309667E+03   .622305E+03   .270404E+03   .395154E+04
 30   .310000E+03   .607991E+03   .268886E+03   .413660E+04
 31   .310333E+03   .592958E+03   .267263E+03   .433224E+04
 32   .310667E+03   .577954E+03   .265606E+03   .453105E+04
 33   .311000E+03   .562952E+03   .263902E+03   .473453E+04
 34   .311333E+03   .547951E+03   .262150E+03   .494269E+04
 35   .311667E+03   .532950E+03   .260350E+03   .515554E+04
 36   .312000E+03   .517948E+03   .258516E+03   .537159E+04
 37   .312333E+03   .502947E+03   .256619E+03   .559385E+04
 38   .312667E+03   .487945E+03   .254674E+03   .582081E+04
 39   .313000E+03   .472943E+03   .252695E+03   .605102E+04
 40   .313333E+03   .457942E+03   .250638E+03   .628895E+04
 41   .313667E+03   .442940E+03   .248518E+03   .653312E+04
 42   .314000E+03   .427937E+03   .246363E+03   .678055E+04
 43   .314333E+03   .412935E+03   .244115E+03   .703726E+04
 44   .314667E+03   .397933E+03   .241788E+03   .730175E+04
 45   .315000E+03   .382930E+03   .239412E+03   .757103E+04
 46   .315333E+03   .367927E+03   .236942E+03   .784963E+04
 47   .315667E+03   .352924E+03   .234392E+03   .813607E+04
 48   .316000E+03   .337921E+03   .231733E+03   .843338E+04
 49   .316333E+03   .322917E+03   .228979E+03   .874005E+04
 50   .316667E+03   .307913E+03   .226145E+03   .905462E+04
 51   .317000E+03   .292909E+03   .223172E+03   .938315E+04
 52   .317333E+03   .277904E+03   .220058E+03   .972566E+04
 53   .317667E+03   .262898E+03   .216819E+03   .100807E+05
 54   .318000E+03   .247892E+03   .213438E+03   .104497E+05
 55   .318333E+03   .232885E+03   .209887E+03   .108359E+05
 56   .318667E+03   .217877E+03   .206135E+03   .112422E+05
 57   .319000E+03   .202868E+03   .202180E+03   .116688E+05
 58   .319333E+03   .187858E+03   .198008E+03   .121172E+05
 59   .319667E+03   .172845E+03   .193543E+03   .125950E+05
 60   .320000E+03   .158000E+03   .188904E+03   .130902E+05
 .0
  0   .300000E+03   .999634E+03   .300033E+03  -.655900E+01
  1   .300333E+03   .985262E+03   .299062E+03   .126828E+03
  2   .300667E+03   .970474E+03   .298102E+03   .258929E+03
  3   .301000E+03   .955685E+03   .297126E+03   .392614E+03
  4   .301333E+03   .940895E+03   .296133E+03   .527886E+03
  5   .301667E+03   .926107E+03   .295122E+03   .664749E+03
  6   .302000E+03   .911315E+03   .294095E+03   .803205E+03
  7   .302333E+03   .896646E+03   .293050E+03   .943258E+03
  8   .302667E+03   .881766E+03   .291974E+03   .108636E+04
  9   .303000E+03   .865654E+03   .290754E+03   .124409E+04
 10   .303333E+03   .848443E+03   .289403E+03   .141503E+04
 11   .303667E+03   .832192E+03   .288133E+03   .157744E+04
 12   .304000E+03   .818680E+03   .287101E+03   .171536E+04
 13   .304333E+03   .807724E+03   .286321E+03   .182726E+04
 14   .304667E+03   .798037E+03   .285639E+03   .192911E+04
 15   .305000E+03   .788104E+03   .284926E+03   .203399E+04
 16   .305333E+03   .776147E+03   .283998E+03   .216086E+04
 17   .305667E+03   .761055E+03   .282724E+03   .232290E+04
 18   .306000E+03   .744160E+03   .281217E+03   .250850E+04
 19   .306333E+03   .727807E+03   .279736E+03   .269136E+04
 20   .306667E+03   .713046E+03   .278408E+03   .285832E+04
 21   .307000E+03   .700430E+03   .277292E+03   .300346E+04
 22   .307333E+03   .689689E+03   .276373E+03   .312821E+04
 23   .307667E+03   .679798E+03   .275524E+03   .324576E+04
 24   .308000E+03   .670365E+03   .274715E+03   .335901E+04
 25   .308333E+03   .661202E+03   .273918E+03   .347093E+04
 26   .308667E+03   .651937E+03   .273119E+03   .358296E+04
 27   .309000E+03   .642280E+03   .272246E+03   .370249E+04
 28   .309333E+03   .632029E+03   .271268E+03   .383250E+04
 29   .309667E+03   .621431E+03   .270260E+03   .396559E+04
 30   .310000E+03   .610235E+03   .269190E+03   .410476E+04
 31   .310333E+03   .597080E+03   .267828E+03   .427373E+04
 32   .310667E+03   .582036E+03   .266157E+03   .447403E+04
 33   .311000E+03   .566552E+03   .264396E+03   .468345E+04
 34   .311333E+03   .551172E+03   .262600E+03   .489607E+04
 35   .311667E+03   .535844E+03   .260772E+03   .511189E+04
 36   .312000E+03   .520565E+03   .258895E+03   .533242E+04
 37   .312333E+03   .505322E+03   .256969E+03   .555765E+04
 38   .312667E+03   .490109E+03   .255010E+03   .578612E+04
 39   .313000E+03   .474920E+03   .253002E+03   .601931E+04
 40   .313333E+03   .459749E+03   .250931E+03   .625873E+04
 41   .313667E+03   .444594E+03   .248796E+03   .650441E+04
 42   .314000E+03   .429453E+03   .246598E+03   .675634E+04
 43   .314333E+03   .414322E+03   .244335E+03   .701454E+04
 44   .314667E+03   .399201E+03   .242023E+03   .727753E+04
 45   .315000E+03   .384088E+03   .239618E+03   .754982E+04
 46   .315333E+03   .368982E+03   .237133E+03   .782993E+04
 47   .315667E+03   .353883E+03   .234569E+03   .811788E+04
 48   .316000E+03   .338788E+03   .231910E+03   .841518E+04
 49   .316333E+03   .323698E+03   .229157E+03   .872186E+04
 50   .316667E+03   .308612E+03   .226278E+03   .904097E+04
 51   .317000E+03   .293528E+03   .223290E+03   .937100E+04
 52   .317333E+03   .278448E+03   .220191E+03   .971200E+04
 53   .317667E+03   .263369E+03   .216937E+03   .100685E+05
 54   .318000E+03   .248292E+03   .213528E+03   .104406E+05
 55   .318333E+03   .233217E+03   .209976E+03   .108268E+05
 56   .318667E+03   .218141E+03   .206209E+03   .112346E+05
 57   .319000E+03   .203065E+03   .202240E+03   .116627E+05
 58   .319333E+03   .187989E+03   .198038E+03   .121142E+05
 59   .319667E+03   .172910E+03   .193558E+03   .125935E+05
 60   .320000E+03   .158000E+03   .188964E+03   .130841E+05
