 600.         pmin for plot
 3000.        sigma0
 30.0
  0 300.00 1000.00  0.000000E+00  4.999487E-01
  1 300.33  989.99  0.000000E+00  4.999487E-01
  2 300.67  979.99  0.000000E+00  4.999487E-01
  3 301.00  969.99  0.000000E+00  4.999487E-01
  4 301.33  959.99  0.000000E+00  4.999487E-01
  5 301.67  949.99  0.000000E+00  4.999487E-01
  6 302.00  939.99  0.000000E+00  4.989909E-01
  7 302.33  929.99  0.000000E+00  7.498886E-01
  8 302.67  920.23  0.000000E+00  7.498887E-01
  9 303.00  911.45  0.000000E+00  7.499459E-01
 10 303.33  904.29  0.000000E+00  7.498885E-01
 11 303.67  898.81  0.000000E+00  7.498889E-01
 12 304.00  894.57  0.000000E+00  7.499458E-01
 13 304.33  891.10  0.000000E+00  7.498889E-01
 14 304.67  887.93  0.000000E+00  7.498891E-01
 15 305.00  884.63  0.000000E+00  7.499461E-01
 16 305.33  880.67  0.000000E+00  7.498891E-01
 17 305.67  875.44  0.000000E+00  7.498885E-01
 18 306.00  868.44  0.000000E+00  7.499461E-01
 19 306.33  859.71  0.000000E+00  7.498885E-01
 20 306.67  849.98  0.000000E+00  7.498885E-01
 21 307.00  839.99  0.000000E+00  7.516257E-01
 22 307.33  829.99  0.000000E+00  4.999487E-01
 23 307.67  819.99  0.000000E+00  4.999487E-01
 24 308.00  809.99  0.000000E+00  4.999487E-01
 25 308.33  799.99  0.000000E+00  4.999487E-01
 26 308.67  789.98  0.000000E+00  4.999487E-01
 27 309.00  779.98  0.000000E+00  4.999487E-01
 28 309.33  769.98  0.000000E+00  4.999487E-01
 29 309.67  759.98  0.000000E+00  4.999487E-01
 30 310.00  749.98  0.000000E+00  4.999487E-01
 31 310.33  739.98  0.000000E+00  4.999487E-01
 32 310.67  729.98  0.000000E+00  4.999487E-01
 33 311.00  719.98  0.000000E+00  4.999487E-01
 34 311.33  709.98  0.000000E+00  4.999487E-01
 35 311.67  699.98  0.000000E+00  4.999487E-01
 36 312.00  689.98  0.000000E+00  4.999487E-01
 37 312.33  679.98  0.000000E+00  4.999487E-01
 38 312.67  669.98  0.000000E+00  4.999487E-01
 39 313.00  659.98  0.000000E+00  4.999487E-01
 40 313.33  649.98  0.000000E+00  4.999487E-01
 41 313.67  639.98  0.000000E+00  4.999487E-01
 42 314.00  629.98  0.000000E+00  4.999487E-01
 43 314.33  619.98  0.000000E+00  4.999487E-01
 44 314.67  609.98  0.000000E+00  4.999487E-01
 45 315.00  599.98  0.000000E+00  4.999487E-01
 46 315.33  589.98  0.000000E+00  4.999487E-01
 47 315.67  579.98  0.000000E+00  4.999487E-01
 48 316.00  569.98  0.000000E+00  4.999487E-01
 49 316.33  559.98  0.000000E+00  4.999487E-01
 50 316.67  549.98  0.000000E+00  4.999487E-01
 51 317.00  539.98  0.000000E+00  4.999487E-01
 52 317.33  529.98  0.000000E+00  4.999487E-01
 53 317.67  519.98  0.000000E+00  4.999487E-01
 54 318.00  509.98  0.000000E+00  4.999487E-01
 55 318.33  499.98  0.000000E+00  4.999487E-01
 56 318.67  489.98  0.000000E+00  4.999487E-01
 57 319.00  479.98  0.000000E+00  4.999487E-01
 58 319.33  469.97  0.000000E+00  4.999487E-01
 59 319.67  459.97  0.000000E+00  4.999487E-01
 60 320.00  450.00  0.000000E-00  4.999487E-01
 30.0
  0 300.00  999.50 -2.930395E-10  5.000356E-01
  1 300.33  989.95 -2.927300E-10  5.000360E-01
  2 300.67  979.97 -2.901506E-10  5.000370E-01
  3 301.00  970.00 -2.856523E-10  5.000385E-01
  4 301.33  960.03 -2.787336E-10  5.000407E-01
  5 301.67  949.81 -2.698064E-10  5.000435E-01
  6 302.00  939.17 -2.581216E-10  4.990667E-01
  7 302.33  928.97 -2.457794E-10  7.500492E-01
  8 302.67  919.80 -2.293532E-10  7.500601E-01
  9 303.00  911.50 -2.119272E-10  7.501296E-01
 10 303.33  904.17 -1.931441E-10  7.500851E-01
 11 303.67  897.86 -1.732334E-10  7.500987E-01
 12 304.00  892.34 -1.526554E-10  7.501693E-01
 13 304.33  887.34 -1.318798E-10  7.501264E-01
 14 304.67  882.59 -1.091318E-10  7.501409E-01
 15 305.00  877.82 -8.558682E-11  7.502123E-01
 16 305.33  872.69 -6.242595E-11  7.501698E-01
 17 305.67  866.81 -3.912902E-11  7.501836E-01
 18 306.00  859.88 -1.668654E-11  7.502554E-01
 19 306.33  851.83  5.560810E-12  7.502121E-01
 20 306.67  843.26  2.641768E-11  7.502260E-01
 21 307.00  834.78  4.487981E-11  7.520914E-01
 22 307.33  825.85  6.623484E-11  5.001891E-01
 23 307.67  816.02  8.598530E-11  5.001972E-01
 24 308.00  805.88  1.029624E-10  5.002044E-01
 25 308.33  795.78  1.188363E-10  5.002115E-01
 26 308.67  785.78  1.324589E-10  5.002179E-01
 27 309.00  775.97  1.454137E-10  5.002241E-01
 28 309.33  766.38  1.565023E-10  5.002298E-01
 29 309.67  756.98  1.671501E-10  5.002353E-01
 30 310.00  747.68  1.762116E-10  5.002402E-01
 31 310.33  738.39  1.850037E-10  5.002450E-01
 32 310.67  729.06  1.924225E-10  5.002494E-01
 33 311.00  719.62  1.997130E-10  5.002537E-01
 34 311.33  710.01  2.057946E-10  5.002577E-01
 35 311.67  700.17  2.118671E-10  5.002615E-01
 36 312.00  690.10  2.168579E-10  5.002650E-01
 37 312.33  679.83  2.219392E-10  5.002685E-01
 38 312.67  669.52  2.260412E-10  5.002716E-01
 39 313.00  659.37  2.303101E-10  5.002747E-01
 40 313.33  649.37  2.336831E-10  5.002775E-01
 41 313.67  639.40  2.372831E-10  5.002802E-01
 42 314.00  629.43  2.400532E-10  5.002826E-01
 43 314.33  619.46  2.431022E-10  5.002851E-01
 44 314.67  609.49  2.453725E-10  5.002873E-01
 45 315.00  599.52  2.479665E-10  5.002894E-01
 46 315.33  589.55  2.498219E-10  5.002913E-01
 47 315.67  579.59  2.520388E-10  5.002933E-01
 48 316.00  569.62  2.535468E-10  5.002949E-01
 49 316.33  559.65  2.554484E-10  5.002965E-01
 50 316.67  549.68  2.566629E-10  5.002979E-01
 51 317.00  539.71  2.582973E-10  5.002993E-01
 52 317.33  529.74  2.592582E-10  5.003004E-01
 53 317.67  519.77  2.606607E-10  5.003015E-01
 54 318.00  509.80  2.613958E-10  5.003024E-01
 55 318.33  499.83  2.625884E-10  5.003033E-01
 56 318.67  489.86  2.631125E-10  5.003038E-01
 57 319.00  479.89  2.641041E-10  5.003044E-01
 58 319.33  469.92  2.644178E-10  5.003048E-01
 59 319.67  459.94  2.652032E-10  5.003050E-01
 60 320.00  450.00  2.552032E-10  5.003050E-01
 20.0
  0 300.00 1000.00  0.000000E+00  3.419909E-01
  1 300.33  989.99  0.000000E+00  3.419909E-01
  2 300.67  979.99  0.000000E+00  3.419909E-01
  3 301.00  969.99  0.000000E+00  3.419909E-01
  4 301.33  959.99  0.000000E+00  3.419909E-01
  5 301.67  949.99  0.000000E+00  3.419909E-01
  6 302.00  939.99  0.000000E+00  3.419909E-01
  7 302.33  929.99  0.000000E+00  3.419909E-01
  8 302.67  919.99  0.000000E+00  3.419909E-01
  9 303.00  909.99  0.000000E+00  3.419909E-01
 10 303.33  899.99  0.000000E+00  3.419909E-01
 11 303.67  889.99  0.000000E+00  3.398767E-01
 12 304.00  879.99  0.000000E+00  3.398766E-01
 13 304.33  869.98  0.000000E+00  5.006332E-01
 14 304.67  860.14  0.000000E+00  5.134348E-01
 15 305.00  851.01  0.000000E+00  5.134740E-01
 16 305.33  843.33  0.000000E+00  5.129629E-01
 17 305.67  837.35  0.000000E+00  5.129629E-01
 18 306.00  832.77  0.000000E+00  5.130021E-01
 19 306.33  829.11  0.000000E+00  5.129629E-01
 20 306.67  825.90  0.000000E+00  5.129629E-01
 21 307.00  822.70  0.000000E+00  5.130022E-01
 22 307.33  819.02  0.000000E+00  5.129629E-01
 23 307.67  814.26  0.000000E+00  5.129632E-01
 24 308.00  807.81  0.000000E+00  5.130022E-01
 25 308.33  799.51  0.000000E+00  5.129632E-01
 26 308.67  789.95  0.000000E+00  5.169567E-01
 27 309.00  779.99  0.000000E+00  5.169964E-01
 28 309.33  769.99  0.000000E+00  3.539252E-01
 29 309.67  759.98  0.000000E+00  3.415168E-01
 30 310.00  749.98  0.000000E+00  3.415168E-01
 31 310.33  739.98  0.000000E+00  3.419909E-01
 32 310.67  729.98  0.000000E+00  3.419909E-01
 33 311.00  719.98  0.000000E+00  3.419909E-01
 34 311.33  709.98  0.000000E+00  3.419909E-01
 35 311.67  699.98  0.000000E+00  3.419909E-01
 36 312.00  689.98  0.000000E+00  3.419909E-01
 37 312.33  679.98  0.000000E+00  3.419909E-01
 38 312.67  669.98  0.000000E+00  3.419909E-01
 39 313.00  659.98  0.000000E+00  3.419909E-01
 40 313.33  649.98  0.000000E+00  3.419909E-01
 41 313.67  639.98  0.000000E+00  3.419909E-01
 42 314.00  629.98  0.000000E+00  3.419909E-01
 43 314.33  619.98  0.000000E+00  3.419909E-01
 44 314.67  609.98  0.000000E+00  3.419909E-01
 45 315.00  599.98  0.000000E+00  3.419909E-01
 46 315.33  589.98  0.000000E+00  3.419909E-01
 47 315.67  579.98  0.000000E+00  3.419909E-01
 48 316.00  569.98  0.000000E+00  3.419909E-01
 49 316.33  559.98  0.000000E+00  3.419909E-01
 50 316.67  549.98  0.000000E+00  3.419909E-01
 51 317.00  539.98  0.000000E+00  3.419909E-01
 52 317.33  529.98  0.000000E+00  3.419909E-01
 53 317.67  519.98  0.000000E+00  3.419909E-01
 54 318.00  509.98  0.000000E+00  3.419909E-01
 55 318.33  499.98  0.000000E+00  3.419909E-01
 56 318.67  489.98  0.000000E+00  3.419909E-01
 57 319.00  479.98  0.000000E+00  3.419909E-01
 58 319.33  469.97  0.000000E+00  3.419909E-01
 59 319.67  459.97  0.000000E+00  3.419909E-01
 60 320.00  450.00  0.000000E+00  3.419909E-01
 20.0
  0 300.00  999.57  2.866718E-09  3.411847E-01
  1 300.33  989.95  2.864420E-09  3.411838E-01
  2 300.67  979.92  2.850942E-09  3.411829E-01
  3 301.00  969.89  2.826144E-09  3.411820E-01
  4 301.33  959.86  2.789046E-09  3.411813E-01
  5 301.67  949.69  2.739843E-09  3.411806E-01
  6 302.00  938.94  2.675818E-09  3.411802E-01
  7 302.33  927.55  2.597426E-09  3.411799E-01
  8 302.67  916.14  2.498150E-09  3.411802E-01
  9 303.00  905.32  2.380788E-09  3.411807E-01
 10 303.33  895.50  2.225992E-09  3.411820E-01
 11 303.67  886.54  2.166141E-09  3.387865E-01
 12 304.00  878.54  3.619967E-09  3.388326E-01
 13 304.33  871.97  6.572573E-09  4.953843E-01
 14 304.67  866.79  8.643855E-09  5.126908E-01
 15 305.00  862.03  9.337826E-09  5.128840E-01
 16 305.33  856.91  8.312813E-09  5.124572E-01
 17 305.67  851.01  7.851066E-09  5.126573E-01
 18 306.00  844.06  7.365594E-09  5.129008E-01
 19 306.33  836.00  6.862109E-09  5.130687E-01
 20 306.67  827.41  6.326803E-09  5.132795E-01
 21 307.00  819.20  5.746153E-09  5.135329E-01
 22 307.33  811.58  5.111648E-09  5.137113E-01
 23 307.67  804.13  4.405516E-09  5.139324E-01
 24 308.00  796.58  3.595176E-09  5.141961E-01
 25 308.33  788.95  3.302762E-09  5.143826E-01
 26 308.67  781.47  3.426775E-09  5.177139E-01
 27 309.00  774.00  1.324731E-09  5.178189E-01
 28 309.33  765.66 -2.336987E-09  3.493606E-01
 29 309.67  756.37 -4.985961E-09  3.430594E-01
 30 310.00  746.98 -6.012956E-09  3.430621E-01
 31 310.33  737.72 -5.750809E-09  3.432733E-01
 32 310.67  728.41 -5.493405E-09  3.432701E-01
 33 311.00  719.00 -5.052865E-09  3.432669E-01
 34 311.33  709.41 -4.742704E-09  3.432637E-01
 35 311.67  699.61 -4.492773E-09  3.432609E-01
 36 312.00  689.57 -4.292701E-09  3.432579E-01
 37 312.33  679.32 -4.122777E-09  3.432553E-01
 38 312.67  669.05 -3.974342E-09  3.432527E-01
 39 313.00  658.92 -3.842982E-09  3.432503E-01
 40 313.33  648.94 -3.720722E-09  3.432477E-01
 41 313.67  639.00 -3.609871E-09  3.432455E-01
 42 314.00  629.06 -3.502466E-09  3.432432E-01
 43 314.33  619.11 -3.403970E-09  3.432410E-01
 44 314.67  609.17 -3.306496E-09  3.432388E-01
 45 315.00  599.23 -3.217046E-09  3.432368E-01
 46 315.33  589.28 -3.127884E-09  3.432347E-01
 47 315.67  579.33 -3.046658E-09  3.432328E-01
 48 316.00  569.39 -2.965890E-09  3.432309E-01
 49 316.33  559.44 -2.893410E-09  3.432292E-01
 50 316.67  549.49 -2.822040E-09  3.432274E-01
 51 317.00  539.54 -2.759506E-09  3.432260E-01
 52 317.33  529.59 -2.698899E-09  3.432244E-01
 53 317.67  519.64 -2.647739E-09  3.432232E-01
 54 318.00  509.69 -2.599308E-09  3.432219E-01
 55 318.33  499.74 -2.558927E-09  3.432210E-01
 56 318.67  489.79 -2.521358E-09  3.432200E-01
 57 319.00  479.83 -2.493301E-09  3.432195E-01
 58 319.33  469.88 -2.470059E-09  3.432189E-01
 59 319.67  459.93 -2.457484E-09  3.432187E-01
 60 320.00  450.00 -2.451665E-09  3.432185E-01
 10.0
  0 300.00 1000.00  0.000000E+00  1.736345E-01
  1 300.33  989.99  0.000000E+00  1.736345E-01
  2 300.67  979.99  0.000000E+00  1.736345E-01
  3 301.00  969.99  0.000000E+00  1.736345E-01
  4 301.33  959.99  0.000000E+00  1.736345E-01
  5 301.67  949.99  0.000000E+00  1.736345E-01
  6 302.00  939.99  0.000000E+00  1.736345E-01
  7 302.33  929.99  0.000000E+00  1.736345E-01
  8 302.67  919.99  0.000000E+00  1.736345E-01
  9 303.00  909.99  0.000000E+00  1.736345E-01
 10 303.33  899.99  0.000000E+00  1.736345E-01
 11 303.67  889.99  0.000000E+00  1.736345E-01
 12 304.00  879.99  0.000000E+00  1.736345E-01
 13 304.33  869.99  0.000000E+00  1.736345E-01
 14 304.67  859.99  0.000000E+00  1.736345E-01
 15 305.00  849.99  0.000000E+00  1.736345E-01
 16 305.33  839.99  0.000000E+00  1.736345E-01
 17 305.67  829.99  0.000000E+00  1.736345E-01
 18 306.00  819.99  0.000000E+00  1.736345E-01
 19 306.33  809.99  0.000000E+00  1.736345E-01
 20 306.67  799.99  0.000000E+00  1.736174E-01
 21 307.00  789.98  0.000000E+00  1.736174E-01
 22 307.33  779.98  0.000000E+00  1.743992E-01
 23 307.67  769.98  0.000000E+00  2.609970E-01
 24 308.00  760.19  0.000000E+00  2.604596E-01
 25 308.33  751.29  0.000000E+00  2.604397E-01
 26 308.67  743.99  0.000000E+00  2.604398E-01
 27 309.00  738.39  0.000000E+00  2.604596E-01
 28 309.33  734.08  0.000000E+00  2.604398E-01
 29 309.67  730.56  0.000000E+00  2.604397E-01
 30 310.00  727.38  0.000000E+00  2.604595E-01
 31 310.33  724.11  0.000000E+00  2.604397E-01
 32 310.67  720.22  0.000000E+00  2.604397E-01
 33 311.00  715.11  0.000000E+00  2.604595E-01
 34 311.33  708.26  0.000000E+00  2.604397E-01
 35 311.67  699.65  0.000000E+00  2.604766E-01
 36 312.00  689.97  0.000000E+00  2.604966E-01
 37 312.33  679.99  0.000000E+00  2.590604E-01
 38 312.67  669.98  0.000000E+00  1.728897E-01
 39 313.00  659.98  0.000000E+00  1.736345E-01
 40 313.33  649.98  0.000000E+00  1.736345E-01
 41 313.67  639.98  0.000000E+00  1.736345E-01
 42 314.00  629.98  0.000000E+00  1.736345E-01
 43 314.33  619.98  0.000000E+00  1.736345E-01
 44 314.67  609.98  0.000000E+00  1.736345E-01
 45 315.00  599.98  0.000000E+00  1.736345E-01
 46 315.33  589.98  0.000000E+00  1.736345E-01
 47 315.67  579.98  0.000000E+00  1.736345E-01
 48 316.00  569.98  0.000000E+00  1.736345E-01
 49 316.33  559.98  0.000000E+00  1.736345E-01
 50 316.67  549.98  0.000000E+00  1.736345E-01
 51 317.00  539.98  0.000000E+00  1.736345E-01
 52 317.33  529.98  0.000000E+00  1.736345E-01
 53 317.67  519.98  0.000000E+00  1.736345E-01
 54 318.00  509.98  0.000000E+00  1.736345E-01
 55 318.33  499.98  0.000000E+00  1.736345E-01
 56 318.67  489.98  0.000000E+00  1.736345E-01
 57 319.00  479.98  0.000000E+00  1.736345E-01
 58 319.33  469.97  0.000000E+00  1.736345E-01
 59 319.67  459.97  0.000000E+00  1.736345E-01
 60 320.00  450.00  0.000000E+00  1.736345E-01
 10.0
  0 300.00  999.70 -5.420192E-09  1.728366E-01
  1 300.33  990.20 -5.432024E-09  1.728347E-01
  2 300.67  980.28 -5.455785E-09  1.728309E-01
  3 301.00  970.36 -5.491818E-09  1.728251E-01
  4 301.33  960.45 -5.541309E-09  1.728173E-01
  5 301.67  950.39 -5.604518E-09  1.728074E-01
  6 302.00  939.75 -5.684266E-09  1.727953E-01
  7 302.33  928.47 -5.780457E-09  1.727810E-01
  8 302.67  917.15 -5.898727E-09  1.727643E-01
  9 303.00  906.44 -6.038036E-09  1.727453E-01
 10 303.33  896.70 -6.208980E-09  1.727237E-01
 11 303.67  887.99 -6.408584E-09  1.726996E-01
 12 304.00  880.08 -6.656202E-09  1.726727E-01
 13 304.33  872.68 -6.945815E-09  1.726432E-01
 14 304.67  865.54 -7.311920E-09  1.726106E-01
 15 305.00  858.39 -7.744347E-09  1.725753E-01
 16 305.33  850.88 -8.304248E-09  1.725367E-01
 17 305.67  842.64 -8.973973E-09  1.724954E-01
 18 306.00  833.35 -9.867891E-09  1.724510E-01
 19 306.33  822.97 -1.080954E-08  1.724042E-01
 20 306.67  812.08 -1.183657E-08  1.723551E-01
 21 307.00  801.48 -1.175708E-08  1.723080E-01
 22 307.33  791.67 -9.784665E-09  1.718802E-01
 23 307.67  783.03 -5.675834E-09  2.580592E-01
 24 308.00  775.31 -4.257956E-09  2.590760E-01
 25 308.33  767.79 -2.072779E-09  2.595049E-01
 26 308.67  760.32 -1.456371E-10  2.599367E-01
 27 309.00  753.05  9.766935E-10  2.603778E-01
 28 309.33  745.97  2.976528E-09  2.607693E-01
 29 309.67  739.07  4.873213E-09  2.611753E-01
 30 310.00  732.24  6.669167E-09  2.615963E-01
 31 310.33  725.42  8.434162E-09  2.619750E-01
 32 310.67  718.54  1.020740E-08  2.623726E-01
 33 311.00  711.54  1.201246E-08  2.627904E-01
 34 311.33  704.36  1.385855E-08  2.631709E-01
 35 311.67  696.95  1.680273E-08  2.640229E-01
 36 312.00  689.32  1.675619E-08  2.645107E-01
 37 312.33  681.10  1.422115E-08  2.560156E-01
 38 312.67  671.78  9.108380E-09  1.737495E-01
 39 313.00  661.63  9.915286E-09  1.761528E-01
 40 313.33  651.49  1.017146E-08  1.759930E-01
 41 313.67  641.45  1.031916E-08  1.758453E-01
 42 314.00  631.39  1.027116E-08  1.757212E-01
 43 314.33  621.32  1.014166E-08  1.756087E-01
 44 314.67  611.24  9.955509E-09  1.755124E-01
 45 315.00  601.16  9.742045E-09  1.754243E-01
 46 315.33  591.08  9.524451E-09  1.753483E-01
 47 315.67  580.99  9.301065E-09  1.752785E-01
 48 316.00  570.91  9.093643E-09  1.752183E-01
 49 316.33  560.83  8.888751E-09  1.751630E-01
 50 316.67  550.74  8.707454E-09  1.751156E-01
 51 317.00  540.66  8.531883E-09  1.750723E-01
 52 317.33  530.58  8.382732E-09  1.750358E-01
 53 317.67  520.50  8.240539E-09  1.750028E-01
 54 318.00  510.42  8.125806E-09  1.749759E-01
 55 318.33  500.35  8.018564E-09  1.749521E-01
 56 318.67  490.27  7.939324E-09  1.749339E-01
 57 319.00  480.20  7.867963E-09  1.749186E-01
 58 319.33  470.12  7.825216E-09  1.749088E-01
 59 319.67  460.05  7.790874E-09  1.749018E-01
 60 320.00  450.00  7.786131E-09  1.749003E-01
 .0
  0 300.00 1000.00  0.000000E+00  0.000000E+00
  1 300.33  989.99  0.000000E+00  0.000000E+00
  2 300.67  979.99  0.000000E+00  0.000000E+00
  3 301.00  969.99  0.000000E+00  0.000000E+00
  4 301.33  959.99  0.000000E+00  0.000000E+00
  5 301.67  949.99  0.000000E+00  0.000000E+00
  6 302.00  939.99  0.000000E+00  0.000000E+00
  7 302.33  929.99  0.000000E+00  0.000000E+00
  8 302.67  919.99  0.000000E+00  0.000000E+00
  9 303.00  909.99  0.000000E+00  0.000000E+00
 10 303.33  899.99  0.000000E+00  0.000000E+00
 11 303.67  889.99  0.000000E+00  0.000000E+00
 12 304.00  879.99  0.000000E+00  0.000000E+00
 13 304.33  869.99  0.000000E+00  0.000000E+00
 14 304.67  859.99  0.000000E+00  0.000000E+00
 15 305.00  849.99  0.000000E+00  0.000000E+00
 16 305.33  839.99  0.000000E+00  0.000000E+00
 17 305.67  829.99  0.000000E+00  0.000000E+00
 18 306.00  819.99  0.000000E+00  0.000000E+00
 19 306.33  809.99  0.000000E+00  0.000000E+00
 20 306.67  799.99  0.000000E+00  0.000000E+00
 21 307.00  789.98  0.000000E+00  0.000000E+00
 22 307.33  779.98  0.000000E+00  0.000000E+00
 23 307.67  769.98  0.000000E+00  0.000000E+00
 24 308.00  759.98  0.000000E+00  0.000000E+00
 25 308.33  749.99  0.000000E+00  0.000000E+00
 26 308.67  740.28  0.000000E+00  0.000000E+00
 27 309.00  731.59  0.000000E+00  0.000000E+00
 28 309.33  724.57  0.000000E+00  0.000000E+00
 29 309.67  719.20  0.000000E+00  0.000000E+00
 30 310.00  715.04  0.000000E+00  0.000000E+00
 31 310.33  711.60  0.000000E+00  0.000000E+00
 32 310.67  708.44  0.000000E+00  0.000000E+00
 33 311.00  705.11  0.000000E+00  0.000000E+00
 34 311.33  701.07  0.000000E+00  0.000000E+00
 35 311.67  695.73  0.000000E+00  0.000000E+00
 36 312.00  688.59  0.000000E+00  0.000000E+00
 37 312.33  679.75  0.000000E+00  0.000000E+00
 38 312.67  669.98  0.000000E+00  0.000000E+00
 39 313.00  659.98  0.000000E+00  0.000000E+00
 40 313.33  649.98  0.000000E+00  0.000000E+00
 41 313.67  639.98  0.000000E+00  0.000000E+00
 42 314.00  629.98  0.000000E+00  0.000000E+00
 43 314.33  619.98  0.000000E+00  0.000000E+00
 44 314.67  609.98  0.000000E+00  0.000000E+00
 45 315.00  599.98  0.000000E+00  0.000000E+00
 46 315.33  589.98  0.000000E+00  0.000000E+00
 47 315.67  579.98  0.000000E+00  0.000000E+00
 48 316.00  569.98  0.000000E+00  0.000000E+00
 49 316.33  559.98  0.000000E+00  0.000000E+00
 50 316.67  549.98  0.000000E+00  0.000000E+00
 51 317.00  539.98  0.000000E+00  0.000000E+00
 52 317.33  529.98  0.000000E+00  0.000000E+00
 53 317.67  519.98  0.000000E+00  0.000000E+00
 54 318.00  509.98  0.000000E+00  0.000000E+00
 55 318.33  499.98  0.000000E+00  0.000000E+00
 56 318.67  489.98  0.000000E+00  0.000000E+00
 57 319.00  479.98  0.000000E+00  0.000000E+00
 58 319.33  469.97  0.000000E+00  0.000000E+00
 59 319.67  459.97  0.000000E+00  0.000000E+00
 60 320.00  450.00  0.000000E+00  0.000000E+00
 .0
  0 300.00  999.71  2.158033E-09  8.667195E-04
  1 300.33  990.23  2.161270E-09  8.680691E-04
  2 300.67  980.33  2.166040E-09  8.701124E-04
  3 301.00  970.43  2.172408E-09  8.728771E-04
  4 301.33  960.53  2.180103E-09  8.762664E-04
  5 301.67  950.49  2.189161E-09  8.802958E-04
  6 302.00  939.87  2.198997E-09  8.847472E-04
  7 302.33  928.60  2.209694E-09  8.896608E-04
  8 302.67  917.30  2.220107E-09  8.945985E-04
  9 303.00  906.60  2.230451E-09  8.996584E-04
 10 303.33  896.88  2.238621E-09  9.040252E-04
 11 303.67  888.19  2.245090E-09  9.079042E-04
 12 304.00  880.28  2.246148E-09  9.098490E-04
 13 304.33  872.90  2.242777E-09  9.102752E-04
 14 304.67  865.76  2.228585E-09  9.066729E-04
 15 305.00  858.61  2.205452E-09  8.998431E-04
 16 305.33  851.10  2.162609E-09  8.855321E-04
 17 305.67  842.84  2.103376E-09  8.651912E-04
 18 306.00  833.53  2.014923E-09  8.318637E-04
 19 306.33  823.11  1.906099E-09  7.880853E-04
 20 306.67  812.16  1.745931E-09  7.231163E-04
 21 307.00  801.60  1.545417E-09  6.415525E-04
 22 307.33  791.61  1.269064E-09  5.286594E-04
 23 307.67  782.09  9.377901E-10  3.933926E-04
 24 308.00  773.51  5.153919E-10  3.315823E-04
 25 308.33  765.90  1.025551E-10  5.770088E-05
 26 308.67  758.55 -4.079442E-10 -2.392307E-04
 27 309.00  751.27 -9.262447E-10 -5.469024E-04
 28 309.33  744.20 -1.463314E-09 -8.636676E-04
 29 309.67  737.28 -2.005806E-09 -1.182936E-03
 30 310.00  730.45 -2.543704E-09 -1.499269E-03
 31 310.33  723.62 -3.073991E-09 -1.810193E-03
 32 310.67  716.73 -3.579350E-09 -2.105948E-03
 33 311.00  709.70 -4.062374E-09 -2.388097E-03
 34 311.33  702.49 -4.493396E-09 -2.639186E-03
 35 311.67  695.05 -4.881327E-09 -2.865028E-03
 36 312.00  687.35 -5.180135E-09 -3.039546E-03
 37 312.33  679.55 -5.409687E-09 -3.173586E-03
 38 312.67  671.50 -5.514424E-09 -3.236037E-03
 39 313.00  662.50 -5.546556E-09 -2.170943E-03
 40 313.33  652.55 -5.422058E-09 -2.124580E-03
 41 313.67  642.36 -5.231612E-09 -2.053108E-03
 42 314.00  632.18 -4.982643E-09 -1.959397E-03
 43 314.33  622.00 -4.718944E-09 -1.860011E-03
 44 314.67  611.84 -4.454069E-09 -1.760157E-03
 45 315.00  601.68 -4.200724E-09 -1.663418E-03
 46 315.33  591.53 -3.969758E-09 -1.574384E-03
 47 315.67  581.39 -3.754135E-09 -1.491109E-03
 48 316.00  571.26 -3.563626E-09 -1.417417E-03
 49 316.33  561.13 -3.388802E-09 -1.349678E-03
 50 316.67  551.01 -3.237924E-09 -1.291133E-03
 51 317.00  540.89 -3.101143E-09 -1.237983E-03
 52 317.33  530.78 -2.985673E-09 -1.193063E-03
 53 317.67  520.67 -2.882491E-09 -1.152875E-03
 54 318.00  510.56 -2.798143E-09 -1.119992E-03
 55 318.33  500.46 -2.724631E-09 -1.091307E-03
 56 318.67  490.36 -2.668155E-09 -1.069263E-03
 57 319.00  480.26 -2.621580E-09 -1.051061E-03
 58 319.33  470.17 -2.591074E-09 -1.039140E-03
 59 319.67  460.07 -2.570107E-09 -1.030941E-03
 60 320.00  450.00 -2.565132E-09 -1.028998E-03
