 600.
 2800.0
 30.0
  0   .300000E+03   .100000E+04   .000000E+00   .499949E+00
  1   .300500E+03   .985976E+03   .000000E+00   .499949E+00
  2   .301000E+03   .971976E+03   .000000E+00   .499949E+00
  3   .301500E+03   .957976E+03   .000000E+00   .499949E+00
  4   .302000E+03   .943975E+03   .000000E+00   .499949E+00
  5   .302500E+03   .929975E+03   .000000E+00   .499949E+00
  6   .303000E+03   .915975E+03   .000000E+00   .499949E+00
  7   .303500E+03   .901974E+03   .000000E+00   .499949E+00
  8   .304000E+03   .887974E+03   .000000E+00   .499949E+00
  9   .304500E+03   .873973E+03   .000000E+00   .499949E+00
 10   .305000E+03   .859948E+03   .000000E+00   .499949E+00
 11   .305500E+03   .846163E+03   .000000E+00   .777724E+00
 12   .306000E+03   .833982E+03   .000000E+00   .777724E+00
 13   .306500E+03   .825023E+03   .000000E+00   .777724E+00
 14   .307000E+03   .819186E+03   .000000E+00   .777724E+00
 15   .307500E+03   .815027E+03   .000000E+00   .777725E+00
 16   .308000E+03   .810967E+03   .000000E+00   .777724E+00
 17   .308500E+03   .805240E+03   .000000E+00   .777725E+00
 18   .309000E+03   .796180E+03   .000000E+00   .777725E+00
 19   .309500E+03   .783828E+03   .000000E+00   .777724E+00
 20   .310000E+03   .769990E+03   .000000E+00   .499949E+00
 21   .310500E+03   .755969E+03   .000000E+00   .499949E+00
 22   .311000E+03   .741969E+03   .000000E+00   .499949E+00
 23   .311500E+03   .727968E+03   .000000E+00   .499949E+00
 24   .312000E+03   .713967E+03   .000000E+00   .499949E+00
 25   .312500E+03   .699967E+03   .000000E+00   .499949E+00
 26   .313000E+03   .685966E+03   .000000E+00   .499949E+00
 27   .313500E+03   .671965E+03   .000000E+00   .499949E+00
 28   .314000E+03   .657965E+03   .000000E+00   .499949E+00
 29   .314500E+03   .643964E+03   .000000E+00   .499949E+00
 30   .315000E+03   .629963E+03   .000000E+00   .499949E+00
 31   .315500E+03   .615962E+03   .000000E+00   .499949E+00
 32   .316000E+03   .601961E+03   .000000E+00   .499949E+00
 33   .316500E+03   .587960E+03   .000000E+00   .499949E+00
 34   .317000E+03   .573959E+03   .000000E+00   .499949E+00
 35   .317500E+03   .559958E+03   .000000E+00   .499949E+00
 36   .318000E+03   .545957E+03   .000000E+00   .499949E+00
 37   .318500E+03   .531956E+03   .000000E+00   .499949E+00
 38   .319000E+03   .517955E+03   .000000E+00   .499949E+00
 39   .319500E+03   .503954E+03   .000000E+00   .499949E+00
 40   .320000E+03   .489952E+03   .000000E+00   .499949E+00
 41   .320500E+03   .475951E+03   .000000E+00   .499949E+00
 42   .321000E+03   .461950E+03   .000000E+00   .499949E+00
 43   .321500E+03   .447948E+03   .000000E+00   .499949E+00
 44   .322000E+03   .433946E+03   .000000E+00   .499949E+00
 45   .322500E+03   .419944E+03   .000000E+00   .499949E+00
 46   .323000E+03   .405943E+03   .000000E+00   .499949E+00
 47   .323500E+03   .391941E+03   .000000E+00   .499949E+00
 48   .324000E+03   .377938E+03   .000000E+00   .499949E+00
 49   .324500E+03   .363936E+03   .000000E+00   .499949E+00
 50   .325000E+03   .349933E+03   .000000E+00   .499949E+00
 51   .325500E+03   .335931E+03   .000000E+00   .499949E+00
 52   .326000E+03   .321928E+03   .000000E+00   .499949E+00
 53   .326500E+03   .307924E+03   .000000E+00   .499949E+00
 54   .327000E+03   .293921E+03   .000000E+00   .499949E+00
 55   .327500E+03   .279917E+03   .000000E+00   .499949E+00
 56   .328000E+03   .265912E+03   .000000E+00   .499949E+00
 57   .328500E+03   .251908E+03   .000000E+00   .499949E+00
 58   .329000E+03   .237902E+03   .000000E+00   .499949E+00
 59   .329500E+03   .223896E+03   .000000E+00   .499949E+00
 60   .330000E+03   .210000E+03   .947380E-07   .499949E+00
 20.0
  0   .300000E+03   .100000E+04   .000000E+00   .341991E+00
  1   .300500E+03   .985976E+03   .000000E+00   .341991E+00
  2   .301000E+03   .971976E+03   .000000E+00   .341991E+00
  3   .301500E+03   .957976E+03   .000000E+00   .341991E+00
  4   .302000E+03   .943975E+03   .000000E+00   .341991E+00
  5   .302500E+03   .929975E+03   .000000E+00   .341991E+00
  6   .303000E+03   .915975E+03   .000000E+00   .341991E+00
  7   .303500E+03   .901974E+03   .000000E+00   .341991E+00
  8   .304000E+03   .887974E+03   .000000E+00   .341991E+00
  9   .304500E+03   .873973E+03   .000000E+00   .341991E+00
 10   .305000E+03   .859953E+03   .000000E+00   .341991E+00
 11   .305500E+03   .846095E+03   .000000E+00   .532504E+00
 12   .306000E+03   .833635E+03   .000000E+00   .532004E+00
 13   .306500E+03   .824284E+03   .000000E+00   .532004E+00
 14   .307000E+03   .818159E+03   .000000E+00   .532004E+00
 15   .307500E+03   .813891E+03   .000000E+00   .532004E+00
 16   .308000E+03   .809901E+03   .000000E+00   .532004E+00
 17   .308500E+03   .804455E+03   .000000E+00   .532004E+00
 18   .309000E+03   .795809E+03   .000000E+00   .532004E+00
 19   .309500E+03   .783754E+03   .000000E+00   .532004E+00
 20   .310000E+03   .769993E+03   .000000E+00   .532004E+00
 21   .310500E+03   .755970E+03   .000000E+00   .341517E+00
 22   .311000E+03   .741969E+03   .000000E+00   .341991E+00
 23   .311500E+03   .727968E+03   .000000E+00   .341991E+00
 24   .312000E+03   .713967E+03   .000000E+00   .341991E+00
 25   .312500E+03   .699967E+03   .000000E+00   .341991E+00
 26   .313000E+03   .685966E+03   .000000E+00   .341991E+00
 27   .313500E+03   .671965E+03   .000000E+00   .341991E+00
 28   .314000E+03   .657965E+03   .000000E+00   .341991E+00
 29   .314500E+03   .643964E+03   .000000E+00   .341991E+00
 30   .315000E+03   .629963E+03   .000000E+00   .341991E+00
 31   .315500E+03   .615962E+03   .000000E+00   .341991E+00
 32   .316000E+03   .601961E+03   .000000E+00   .341991E+00
 33   .316500E+03   .587960E+03   .000000E+00   .341991E+00
 34   .317000E+03   .573959E+03   .000000E+00   .341991E+00
 35   .317500E+03   .559958E+03   .000000E+00   .341991E+00
 36   .318000E+03   .545957E+03   .000000E+00   .341991E+00
 37   .318500E+03   .531956E+03   .000000E+00   .341991E+00
 38   .319000E+03   .517955E+03   .000000E+00   .341991E+00
 39   .319500E+03   .503954E+03   .000000E+00   .341991E+00
 40   .320000E+03   .489952E+03   .000000E+00   .341991E+00
 41   .320500E+03   .475951E+03   .000000E+00   .341991E+00
 42   .321000E+03   .461950E+03   .000000E+00   .341991E+00
 43   .321500E+03   .447948E+03   .000000E+00   .341991E+00
 44   .322000E+03   .433946E+03   .000000E+00   .341991E+00
 45   .322500E+03   .419944E+03   .000000E+00   .341991E+00
 46   .323000E+03   .405943E+03   .000000E+00   .341991E+00
 47   .323500E+03   .391941E+03   .000000E+00   .341991E+00
 48   .324000E+03   .377938E+03   .000000E+00   .341991E+00
 49   .324500E+03   .363936E+03   .000000E+00   .341991E+00
 50   .325000E+03   .349933E+03   .000000E+00   .341991E+00
 51   .325500E+03   .335931E+03   .000000E+00   .341991E+00
 52   .326000E+03   .321928E+03   .000000E+00   .341991E+00
 53   .326500E+03   .307924E+03   .000000E+00   .341991E+00
 54   .327000E+03   .293921E+03   .000000E+00   .341991E+00
 55   .327500E+03   .279917E+03   .000000E+00   .341991E+00
 56   .328000E+03   .265912E+03   .000000E+00   .341991E+00
 57   .328500E+03   .251908E+03   .000000E+00   .341991E+00
 58   .329000E+03   .237902E+03   .000000E+00   .341991E+00
 59   .329500E+03   .223896E+03   .000000E+00   .341991E+00
 60   .330000E+03   .210000E+03   .000000E+00   .341991E+00
 10.0
  0   .300000E+03   .100000E+04   .000000E+00   .173634E+00
  1   .300500E+03   .985976E+03   .000000E+00   .173634E+00
  2   .301000E+03   .971976E+03   .000000E+00   .173634E+00
  3   .301500E+03   .957976E+03   .000000E+00   .173634E+00
  4   .302000E+03   .943975E+03   .000000E+00   .173634E+00
  5   .302500E+03   .929975E+03   .000000E+00   .173634E+00
  6   .303000E+03   .915975E+03   .000000E+00   .173634E+00
  7   .303500E+03   .901974E+03   .000000E+00   .173634E+00
  8   .304000E+03   .887974E+03   .000000E+00   .173634E+00
  9   .304500E+03   .873973E+03   .000000E+00   .173634E+00
 10   .305000E+03   .859973E+03   .000000E+00   .173634E+00
 11   .305500E+03   .845973E+03   .000000E+00   .173634E+00
 12   .306000E+03   .831972E+03   .000000E+00   .173634E+00
 13   .306500E+03   .817972E+03   .000000E+00   .173634E+00
 14   .307000E+03   .803971E+03   .000000E+00   .173634E+00
 15   .307500E+03   .789971E+03   .000000E+00   .173634E+00
 16   .308000E+03   .775970E+03   .000000E+00   .173617E+00
 17   .308500E+03   .761969E+03   .000000E+00   .174447E+00
 18   .309000E+03   .747950E+03   .000000E+00   .174447E+00
 19   .309500E+03   .734108E+03   .000000E+00   .270705E+00
 20   .310000E+03   .721752E+03   .000000E+00   .270107E+00
 21   .310500E+03   .712583E+03   .000000E+00   .270107E+00
 22   .311000E+03   .706610E+03   .000000E+00   .270107E+00
 23   .311500E+03   .702404E+03   .000000E+00   .270107E+00
 24   .312000E+03   .698375E+03   .000000E+00   .270107E+00
 25   .312500E+03   .692782E+03   .000000E+00   .270107E+00
 26   .313000E+03   .683942E+03   .000000E+00   .270145E+00
 27   .313500E+03   .671768E+03   .000000E+00   .268654E+00
 28   .314000E+03   .657988E+03   .000000E+00   .268654E+00
 29   .314500E+03   .643964E+03   .000000E+00   .172890E+00
 30   .315000E+03   .629963E+03   .000000E+00   .173634E+00
 31   .315500E+03   .615962E+03   .000000E+00   .173634E+00
 32   .316000E+03   .601961E+03   .000000E+00   .173634E+00
 33   .316500E+03   .587960E+03   .000000E+00   .173634E+00
 34   .317000E+03   .573959E+03   .000000E+00   .173634E+00
 35   .317500E+03   .559958E+03   .000000E+00   .173634E+00
 36   .318000E+03   .545957E+03   .000000E+00   .173634E+00
 37   .318500E+03   .531956E+03   .000000E+00   .173634E+00
 38   .319000E+03   .517955E+03   .000000E+00   .173634E+00
 39   .319500E+03   .503954E+03   .000000E+00   .173634E+00
 40   .320000E+03   .489952E+03   .000000E+00   .173634E+00
 41   .320500E+03   .475951E+03   .000000E+00   .173634E+00
 42   .321000E+03   .461950E+03   .000000E+00   .173634E+00
 43   .321500E+03   .447948E+03   .000000E+00   .173634E+00
 44   .322000E+03   .433946E+03   .000000E+00   .173634E+00
 45   .322500E+03   .419944E+03   .000000E+00   .173634E+00
 46   .323000E+03   .405943E+03   .000000E+00   .173634E+00
 47   .323500E+03   .391941E+03   .000000E+00   .173634E+00
 48   .324000E+03   .377938E+03   .000000E+00   .173634E+00
 49   .324500E+03   .363936E+03   .000000E+00   .173634E+00
 50   .325000E+03   .349933E+03   .000000E+00   .173634E+00
 51   .325500E+03   .335931E+03   .000000E+00   .173634E+00
 52   .326000E+03   .321928E+03   .000000E+00   .173634E+00
 53   .326500E+03   .307924E+03   .000000E+00   .173634E+00
 54   .327000E+03   .293921E+03   .000000E+00   .173634E+00
 55   .327500E+03   .279917E+03   .000000E+00   .173634E+00
 56   .328000E+03   .265912E+03   .000000E+00   .173634E+00
 57   .328500E+03   .251908E+03   .000000E+00   .173634E+00
 58   .329000E+03   .237902E+03   .000000E+00   .173634E+00
 59   .329500E+03   .223896E+03   .000000E+00   .173634E+00
 60   .330000E+03   .210000E+03   .000000E+00   .173634E+00
 .0
  0   .300000E+03   .100000E+04   .000000E+00   .000000E+00
  1   .300500E+03   .985976E+03   .000000E+00   .000000E+00
  2   .301000E+03   .971976E+03   .000000E+00   .000000E+00
  3   .301500E+03   .957976E+03   .000000E+00   .000000E+00
  4   .302000E+03   .943975E+03   .000000E+00   .000000E+00
  5   .302500E+03   .929975E+03   .000000E+00   .000000E+00
  6   .303000E+03   .915975E+03   .000000E+00   .000000E+00
  7   .303500E+03   .901974E+03   .000000E+00   .000000E+00
  8   .304000E+03   .887974E+03   .000000E+00   .000000E+00
  9   .304500E+03   .873973E+03   .000000E+00   .000000E+00
 10   .305000E+03   .859973E+03   .000000E+00   .000000E+00
 11   .305500E+03   .845973E+03   .000000E+00   .000000E+00
 12   .306000E+03   .831972E+03   .000000E+00   .000000E+00
 13   .306500E+03   .817972E+03   .000000E+00   .000000E+00
 14   .307000E+03   .803971E+03   .000000E+00   .000000E+00
 15   .307500E+03   .789971E+03   .000000E+00   .000000E+00
 16   .308000E+03   .775970E+03   .000000E+00   .000000E+00
 17   .308500E+03   .761969E+03   .000000E+00   .000000E+00
 18   .309000E+03   .747969E+03   .000000E+00   .000000E+00
 19   .309500E+03   .733968E+03   .000000E+00   .000000E+00
 20   .310000E+03   .719968E+03   .000000E+00   .000000E+00
 21   .310500E+03   .705967E+03   .000000E+00   .000000E+00
 22   .311000E+03   .691942E+03   .000000E+00   .000000E+00
 23   .311500E+03   .678157E+03   .000000E+00   .000000E+00
 24   .312000E+03   .665977E+03   .000000E+00   .000000E+00
 25   .312500E+03   .657022E+03   .000000E+00   .000000E+00
 26   .313000E+03   .651185E+03   .000000E+00   .000000E+00
 27   .313500E+03   .647027E+03   .000000E+00   .000000E+00
 28   .314000E+03   .642966E+03   .000000E+00   .000000E+00
 29   .314500E+03   .637238E+03   .000000E+00   .000000E+00
 30   .315000E+03   .628175E+03   .000000E+00   .000000E+00
 31   .315500E+03   .615820E+03   .000000E+00   .000000E+00
 32   .316000E+03   .601981E+03   .000000E+00   .000000E+00
 33   .316500E+03   .587961E+03   .000000E+00   .000000E+00
 34   .317000E+03   .573959E+03   .000000E+00   .000000E+00
 35   .317500E+03   .559958E+03   .000000E+00   .000000E+00
 36   .318000E+03   .545957E+03   .000000E+00   .000000E+00
 37   .318500E+03   .531956E+03   .000000E+00   .000000E+00
 38   .319000E+03   .517955E+03   .000000E+00   .000000E+00
 39   .319500E+03   .503954E+03   .000000E+00   .000000E+00
 40   .320000E+03   .489952E+03   .000000E+00   .000000E+00
 41   .320500E+03   .475951E+03   .000000E+00   .000000E+00
 42   .321000E+03   .461950E+03   .000000E+00   .000000E+00
 43   .321500E+03   .447948E+03   .000000E+00   .000000E+00
 44   .322000E+03   .433946E+03   .000000E+00   .000000E+00
 45   .322500E+03   .419944E+03   .000000E+00   .000000E+00
 46   .323000E+03   .405943E+03   .000000E+00   .000000E+00
 47   .323500E+03   .391941E+03   .000000E+00   .000000E+00
 48   .324000E+03   .377938E+03   .000000E+00   .000000E+00
 49   .324500E+03   .363936E+03   .000000E+00   .000000E+00
 50   .325000E+03   .349933E+03   .000000E+00   .000000E+00
 51   .325500E+03   .335931E+03   .000000E+00   .000000E+00
 52   .326000E+03   .321928E+03   .000000E+00   .000000E+00
 53   .326500E+03   .307924E+03   .000000E+00   .000000E+00
 54   .327000E+03   .293921E+03   .000000E+00   .000000E+00
 55   .327500E+03   .279917E+03   .000000E+00   .000000E+00
 56   .328000E+03   .265912E+03   .000000E+00   .000000E+00
 57   .328500E+03   .251908E+03   .000000E+00   .000000E+00
 58   .329000E+03   .237902E+03   .000000E+00   .000000E+00
 59   .329500E+03   .223896E+03   .000000E+00   .000000E+00
 60   .330000E+03   .210000E+03   .000000E+00   .000000E+00
 -100.0
 30.0
  0   .300000E+03   .999530E+03  -.173071E-09   .500457E+00
  1   .300500E+03   .985978E+03  -.173309E-09   .500458E+00
  2   .301000E+03   .972009E+03  -.173968E-09   .500459E+00
  3   .301500E+03   .958040E+03  -.174146E-09   .500460E+00
  4   .302000E+03   .944072E+03  -.174747E-09   .500461E+00
  5   .302500E+03   .930103E+03  -.174860E-09   .500462E+00
  6   .303000E+03   .916135E+03  -.175402E-09   .500463E+00
  7   .303500E+03   .902166E+03  -.175448E-09   .500464E+00
  8   .304000E+03   .888198E+03  -.175935E-09   .500466E+00
  9   .304500E+03   .874177E+03  -.175917E-09   .500467E+00
 10   .305000E+03   .860232E+03  -.176351E-09   .500468E+00
 11   .305500E+03   .846941E+03  -.176329E-09   .778535E+00
 12   .306000E+03   .835185E+03  -.176782E-09   .778537E+00
 13   .306500E+03   .825748E+03  -.176754E-09   .778539E+00
 14   .307000E+03   .818432E+03  -.177196E-09   .778542E+00
 15   .307500E+03   .812190E+03  -.177170E-09   .778544E+00
 16   .308000E+03   .806175E+03  -.177631E-09   .778546E+00
 17   .308500E+03   .799360E+03  -.177620E-09   .778549E+00
 18   .309000E+03   .790406E+03  -.178134E-09   .778552E+00
 19   .309500E+03   .778958E+03  -.178149E-09   .778554E+00
 20   .310000E+03   .765761E+03  -.178615E-09   .500484E+00
 21   .310500E+03   .751796E+03  -.178535E-09   .500486E+00
 22   .311000E+03   .737723E+03  -.179060E-09   .500487E+00
 23   .311500E+03   .723713E+03  -.179010E-09   .500489E+00
 24   .312000E+03   .709908E+03  -.179581E-09   .500491E+00
 25   .312500E+03   .696440E+03  -.179567E-09   .500492E+00
 26   .313000E+03   .683207E+03  -.180185E-09   .500494E+00
 27   .313500E+03   .670023E+03  -.180211E-09   .500495E+00
 28   .314000E+03   .656688E+03  -.180878E-09   .500497E+00
 29   .314500E+03   .643037E+03  -.180943E-09   .500498E+00
 30   .315000E+03   .629014E+03  -.181655E-09   .500499E+00
 31   .315500E+03   .614777E+03  -.181755E-09   .500501E+00
 32   .316000E+03   .600635E+03  -.182502E-09   .500502E+00
 33   .316500E+03   .586670E+03  -.182630E-09   .500503E+00
 34   .317000E+03   .572738E+03  -.183401E-09   .500505E+00
 35   .317500E+03   .558788E+03  -.183551E-09   .500506E+00
 36   .318000E+03   .544837E+03  -.184337E-09   .500507E+00
 37   .318500E+03   .530887E+03  -.184501E-09   .500508E+00
 38   .319000E+03   .516936E+03  -.185294E-09   .500509E+00
 39   .319500E+03   .502984E+03  -.185462E-09   .500510E+00
 40   .320000E+03   .489032E+03  -.186252E-09   .500511E+00
 41   .320500E+03   .475080E+03  -.186416E-09   .500512E+00
 42   .321000E+03   .461128E+03  -.187194E-09   .500512E+00
 43   .321500E+03   .447175E+03  -.187345E-09   .500513E+00
 44   .322000E+03   .433222E+03  -.188103E-09   .500514E+00
 45   .322500E+03   .419268E+03  -.188232E-09   .500515E+00
 46   .323000E+03   .405314E+03  -.188960E-09   .500515E+00
 47   .323500E+03   .391359E+03  -.189056E-09   .500516E+00
 48   .324000E+03   .377404E+03  -.189744E-09   .500516E+00
 49   .324500E+03   .363448E+03  -.189798E-09   .500517E+00
 50   .325000E+03   .349492E+03  -.190436E-09   .500517E+00
 51   .325500E+03   .335535E+03  -.190433E-09   .500518E+00
 52   .326000E+03   .321577E+03  -.191009E-09   .500518E+00
 53   .326500E+03   .307619E+03  -.190933E-09   .500519E+00
 54   .327000E+03   .293660E+03  -.191432E-09   .500519E+00
 55   .327500E+03   .279701E+03  -.191264E-09   .500519E+00
 56   .328000E+03   .265740E+03  -.191666E-09   .500520E+00
 57   .328500E+03   .251779E+03  -.191380E-09   .500520E+00
 58   .329000E+03   .237817E+03  -.191661E-09   .500520E+00
 59   .329500E+03   .223854E+03  -.191221E-09   .500520E+00
 60   .330000E+03   .210000E+03   .955428E-07   .500520E+00
 20.0
  0   .300000E+03   .999307E+03   .142246E-07   .342214E+00
  1   .300500E+03   .985486E+03   .142782E-07   .342216E+00
  2   .301000E+03   .971250E+03   .143930E-07   .342221E+00
  3   .301500E+03   .957013E+03   .145692E-07   .342230E+00
  4   .302000E+03   .942776E+03   .148078E-07   .342241E+00
  5   .302500E+03   .928538E+03   .151077E-07   .342257E+00
  6   .303000E+03   .914299E+03   .154684E-07   .342277E+00
  7   .303500E+03   .900059E+03   .158879E-07   .342301E+00
  8   .304000E+03   .885819E+03   .163602E-07   .342330E+00
  9   .304500E+03   .871520E+03   .169016E-07   .342365E+00
 10   .305000E+03   .857308E+03   .174742E-07   .342406E+00
 11   .305500E+03   .843796E+03   .189776E-07   .533116E+00
 12   .306000E+03   .831855E+03   .165017E-07   .532827E+00
 13   .306500E+03   .822249E+03   .152756E-07   .532932E+00
 14   .307000E+03   .814772E+03   .139378E-07   .533044E+00
 15   .307500E+03   .808381E+03   .125839E-07   .533160E+00
 16   .308000E+03   .802229E+03   .111011E-07   .533279E+00
 17   .308500E+03   .795304E+03   .950891E-08   .533399E+00
 18   .309000E+03   .786230E+03   .765260E-08   .533517E+00
 19   .309500E+03   .775298E+03   .542222E-08   .533633E+00
 20   .310000E+03   .763973E+03   .219618E-08   .533740E+00
 21   .310500E+03   .751858E+03   .153152E-08   .342954E+00
 22   .311000E+03   .738290E+03   .158714E-08   .343228E+00
 23   .311500E+03   .724197E+03   .477775E-09   .343273E+00
 24   .312000E+03   .710347E+03  -.606841E-09   .343309E+00
 25   .312500E+03   .696831E+03  -.101077E-08   .343339E+00
 26   .313000E+03   .683559E+03  -.134868E-08   .343363E+00
 27   .313500E+03   .670344E+03  -.163409E-08   .343383E+00
 28   .314000E+03   .656985E+03  -.186801E-08   .343398E+00
 29   .314500E+03   .643317E+03  -.235419E-08   .343411E+00
 30   .315000E+03   .629280E+03  -.279340E-08   .343419E+00
 31   .315500E+03   .615035E+03  -.309593E-08   .343425E+00
 32   .316000E+03   .600890E+03  -.329704E-08   .343428E+00
 33   .316500E+03   .586920E+03  -.342090E-08   .343430E+00
 34   .317000E+03   .572986E+03  -.348877E-08   .343429E+00
 35   .317500E+03   .559036E+03  -.350160E-08   .343428E+00
 36   .318000E+03   .545086E+03  -.348146E-08   .343423E+00
 37   .318500E+03   .531136E+03  -.341849E-08   .343419E+00
 38   .319000E+03   .517185E+03  -.333782E-08   .343412E+00
 39   .319500E+03   .503234E+03  -.322267E-08   .343405E+00
 40   .320000E+03   .489282E+03  -.310148E-08   .343396E+00
 41   .320500E+03   .475328E+03  -.295228E-08   .343387E+00
 42   .321000E+03   .461372E+03  -.280644E-08   .343377E+00
 43   .321500E+03   .447415E+03  -.263799E-08   .343368E+00
 44   .322000E+03   .433456E+03  -.248093E-08   .343357E+00
 45   .322500E+03   .419495E+03  -.230557E-08   .343347E+00
 46   .323000E+03   .405533E+03  -.213253E-08   .343336E+00
 47   .323500E+03   .391568E+03  -.192637E-08   .343326E+00
 48   .324000E+03   .377602E+03  -.176258E-08   .343315E+00
 49   .324500E+03   .363633E+03  -.158257E-08   .343305E+00
 50   .325000E+03   .349663E+03  -.142803E-08   .343295E+00
 51   .325500E+03   .335691E+03  -.126063E-08   .343286E+00
 52   .326000E+03   .321718E+03  -.113935E-08   .343277E+00
 53   .326500E+03   .307743E+03  -.105117E-08   .343269E+00
 54   .327000E+03   .293766E+03  -.948711E-09   .343261E+00
 55   .327500E+03   .279789E+03  -.838478E-09   .343255E+00
 56   .328000E+03   .265810E+03  -.731854E-09   .343249E+00
 57   .328500E+03   .251831E+03  -.632801E-09   .343245E+00
 58   .329000E+03   .237851E+03  -.585734E-09   .343241E+00
 59   .329500E+03   .223870E+03  -.538313E-09   .343239E+00
 60   .330000E+03   .210000E+03  -.537054E-09   .343238E+00
 10.0
  0   .300000E+03   .999402E+03  -.558912E-08   .172322E+00
  1   .300500E+03   .985860E+03  -.562624E-08   .172316E+00
  2   .301000E+03   .971902E+03  -.572295E-08   .172304E+00
  3   .301500E+03   .957947E+03  -.587932E-08   .172285E+00
  4   .302000E+03   .943996E+03  -.610410E-08   .172258E+00
  5   .302500E+03   .930049E+03  -.639616E-08   .172223E+00
  6   .303000E+03   .916109E+03  -.677156E-08   .172180E+00
  7   .303500E+03   .902178E+03  -.722503E-08   .172128E+00
  8   .304000E+03   .888253E+03  -.777929E-08   .172066E+00
  9   .304500E+03   .874459E+03  -.842121E-08   .171994E+00
 10   .305000E+03   .860456E+03  -.917116E-08   .171908E+00
 11   .305500E+03   .845481E+03  -.100051E-07   .171810E+00
 12   .306000E+03   .830437E+03  -.109131E-07   .171691E+00
 13   .306500E+03   .817303E+03  -.118618E-07   .171556E+00
 14   .307000E+03   .806334E+03  -.127714E-07   .171391E+00
 15   .307500E+03   .796451E+03  -.137778E-07   .171202E+00
 16   .308000E+03   .786840E+03  -.151336E-07   .170973E+00
 17   .308500E+03   .776321E+03  -.146396E-07   .169349E+00
 18   .309000E+03   .763871E+03  -.769497E-08   .169435E+00
 19   .309500E+03   .750734E+03   .551764E-08   .263239E+00
 20   .310000E+03   .738989E+03   .136840E-07   .267449E+00
 21   .310500E+03   .728548E+03   .143706E-07   .268802E+00
 22   .311000E+03   .718246E+03   .160079E-07   .270212E+00
 23   .311500E+03   .707831E+03   .174191E-07   .271630E+00
 24   .312000E+03   .697606E+03   .189937E-07   .273066E+00
 25   .312500E+03   .687715E+03   .210118E-07   .274519E+00
 26   .313000E+03   .678032E+03   .251063E-07   .277057E+00
 27   .313500E+03   .668336E+03   .190088E-07   .259733E+00
 28   .314000E+03   .657655E+03   .116698E-07   .258355E+00
 29   .314500E+03   .645596E+03   .100907E-08   .175503E+00
 30   .315000E+03   .631927E+03   .141904E-08   .178577E+00
 31   .315500E+03   .617734E+03   .228361E-08   .178276E+00
 32   .316000E+03   .603667E+03   .340281E-08   .177969E+00
 33   .316500E+03   .589736E+03   .457347E-08   .177667E+00
 34   .317000E+03   .575808E+03   .572378E-08   .177386E+00
 35   .317500E+03   .561829E+03   .646085E-08   .177118E+00
 36   .318000E+03   .547823E+03   .689042E-08   .176879E+00
 37   .318500E+03   .533794E+03   .721820E-08   .176654E+00
 38   .319000E+03   .519747E+03   .736535E-08   .176455E+00
 39   .319500E+03   .505687E+03   .745055E-08   .176270E+00
 40   .320000E+03   .491616E+03   .742188E-08   .176108E+00
 41   .320500E+03   .477537E+03   .736674E-08   .175956E+00
 42   .321000E+03   .463453E+03   .724444E-08   .175823E+00
 43   .321500E+03   .449365E+03   .711851E-08   .175699E+00
 44   .322000E+03   .435274E+03   .695423E-08   .175591E+00
 45   .322500E+03   .421183E+03   .679981E-08   .175490E+00
 46   .323000E+03   .407090E+03   .662406E-08   .175402E+00
 47   .323500E+03   .392997E+03   .646583E-08   .175319E+00
 48   .324000E+03   .378905E+03   .629615E-08   .175248E+00
 49   .324500E+03   .364814E+03   .614818E-08   .175181E+00
 50   .325000E+03   .350724E+03   .599451E-08   .175124E+00
 51   .325500E+03   .336635E+03   .586482E-08   .175070E+00
 52   .326000E+03   .322547E+03   .573288E-08   .175025E+00
 53   .326500E+03   .308460E+03   .562618E-08   .174982E+00
 54   .327000E+03   .294375E+03   .551951E-08   .174949E+00
 55   .327500E+03   .280291E+03   .543893E-08   .174917E+00
 56   .328000E+03   .266209E+03   .536019E-08   .174894E+00
 57   .328500E+03   .252127E+03   .530833E-08   .174872E+00
 58   .329000E+03   .238047E+03   .526010E-08   .174859E+00
 59   .329500E+03   .223967E+03   .523971E-08   .174848E+00
 60   .330000E+03   .210000E+03   .522494E-08   .174847E+00
 .0
  0   .300000E+03   .999419E+03   .913635E-16   .000000E+00
  1   .300500E+03   .985909E+03   .000000E+00  -.186265E-08
  2   .301000E+03   .971981E+03   .000000E+00   .000000E+00
  3   .301500E+03   .958053E+03  -.365454E-16   .000000E+00
  4   .302000E+03   .944125E+03   .000000E+00   .186265E-08
  5   .302500E+03   .930196E+03   .182727E-16   .000000E+00
  6   .303000E+03   .916266E+03  -.365454E-16   .000000E+00
  7   .303500E+03   .902335E+03  -.365454E-16   .000000E+00
  8   .304000E+03   .888396E+03   .182727E-16   .000000E+00
  9   .304500E+03   .874568E+03   .000000E+00   .000000E+00
 10   .305000E+03   .860504E+03   .182727E-16   .000000E+00
 11   .305500E+03   .845420E+03   .000000E+00   .112390E-12
 12   .306000E+03   .830217E+03   .182727E-16   .000000E+00
 13   .306500E+03   .816734E+03   .000000E+00  -.186265E-08
 14   .307000E+03   .805959E+03   .146182E-15   .000000E+00
 15   .307500E+03   .797844E+03   .467781E-14   .364992E-12
 16   .308000E+03   .789966E+03  -.292363E-15   .357495E-12
 17   .308500E+03   .779749E+03   .000000E+00   .000000E+00
 18   .309000E+03   .766862E+03  -.365454E-16   .000000E+00
 19   .309500E+03   .752153E+03   .000000E+00   .000000E+00
 20   .310000E+03   .737491E+03   .000000E+00   .000000E+00
 21   .310500E+03   .723873E+03   .146182E-15   .305876E-12
 22   .311000E+03   .711188E+03   .000000E+00   .000000E+00
 23   .311500E+03   .699955E+03   .292363E-15   .000000E+00
 24   .312000E+03   .690006E+03   .730908E-16   .000000E+00
 25   .312500E+03   .680475E+03  -.182727E-16   .000000E+00
 26   .313000E+03   .671036E+03   .000000E+00   .000000E+00
 27   .313500E+03   .661567E+03   .730908E-16   .173515E-12
 28   .314000E+03   .651877E+03   .000000E+00   .197690E-13
 29   .314500E+03   .641802E+03   .000000E+00   .558241E-12
 30   .315000E+03   .631324E+03   .000000E+00   .000000E+00
 31   .315500E+03   .620130E+03   .000000E+00   .000000E+00
 32   .316000E+03   .607300E+03   .000000E+00   .000000E+00
 33   .316500E+03   .592972E+03   .146182E-15   .186265E-08
 34   .317000E+03   .578415E+03   .000000E+00   .000000E+00
 35   .317500E+03   .564045E+03   .146182E-15   .000000E+00
 36   .318000E+03   .549705E+03   .000000E+00  -.186265E-08
 37   .318500E+03   .535399E+03   .000000E+00   .000000E+00
 38   .319000E+03   .521120E+03   .000000E+00   .000000E+00
 39   .319500E+03   .506865E+03   .000000E+00   .000000E+00
 40   .320000E+03   .492629E+03   .730908E-16   .000000E+00
 41   .320500E+03   .478412E+03  -.730908E-16   .000000E+00
 42   .321000E+03   .464209E+03   .000000E+00   .146338E-12
 43   .321500E+03   .450021E+03   .000000E+00   .000000E+00
 44   .322000E+03   .435844E+03   .365454E-16   .000000E+00
 45   .322500E+03   .421677E+03   .000000E+00  -.186265E-08
 46   .323000E+03   .407520E+03   .000000E+00   .000000E+00
 47   .323500E+03   .393371E+03   .000000E+00   .000000E+00
 48   .324000E+03   .379230E+03   .000000E+00   .000000E+00
 49   .324500E+03   .365095E+03  -.730908E-16   .491273E-13
 50   .325000E+03   .350966E+03   .730908E-16   .000000E+00
 51   .325500E+03   .336843E+03   .365454E-16   .124203E-13
 52   .326000E+03   .322724E+03   .000000E+00   .229047E-12
 53   .326500E+03   .308610E+03   .000000E+00   .000000E+00
 54   .327000E+03   .294499E+03  -.365454E-16   .335506E-12
 55   .327500E+03   .280392E+03   .182727E-16   .275461E-13
 56   .328000E+03   .266288E+03   .548181E-16   .509606E-12
 57   .328500E+03   .252186E+03   .365454E-16   .169368E-12
 58   .329000E+03   .238086E+03   .000000E+00   .266810E-12
 59   .329500E+03   .223986E+03   .182727E-16   .259096E-12
 60   .330000E+03   .210000E+03   .365454E-16   .311906E-12
 -100.0
