 4500.0
 30.0
  0   .300000E+03   .100000E+04   .300005E+03  -.477829E+00
  1   .300333E+03   .984806E+03   .299020E+03   .134345E+03
  2   .300667E+03   .969639E+03   .298032E+03   .269317E+03
  3   .301000E+03   .954471E+03   .297014E+03   .407316E+03
  4   .301333E+03   .939304E+03   .295978E+03   .546904E+03
  5   .301667E+03   .924137E+03   .294939E+03   .686648E+03
  6   .302000E+03   .908970E+03   .293883E+03   .827988E+03
  7   .302333E+03   .893803E+03   .292796E+03   .972374E+03
  8   .302667E+03   .878636E+03   .291677E+03   .111981E+04
  9   .303000E+03   .863468E+03   .290542E+03   .126885E+04
 10   .303333E+03   .848301E+03   .289388E+03   .141951E+04
 11   .303667E+03   .833134E+03   .288232E+03   .157033E+04
 12   .304000E+03   .817967E+03   .287030E+03   .172568E+04
 13   .304333E+03   .802799E+03   .285810E+03   .188264E+04
 14   .304667E+03   .787626E+03   .284572E+03   .204124E+04
 15   .305000E+03   .772496E+03   .283303E+03   .220292E+04
 16   .305333E+03   .757842E+03   .282073E+03   .236040E+04
 17   .305667E+03   .744355E+03   .280925E+03   .250929E+04
 18   .306000E+03   .731978E+03   .279889E+03   .264666E+04
 19   .306333E+03   .719594E+03   .278835E+03   .278564E+04
 20   .306667E+03   .706091E+03   .277621E+03   .294089E+04
 21   .307000E+03   .691429E+03   .276260E+03   .311096E+04
 22   .307333E+03   .676299E+03   .274824E+03   .328856E+04
 23   .307667E+03   .661125E+03   .273355E+03   .346929E+04
 24   .308000E+03   .645958E+03   .271825E+03   .365609E+04
 25   .308333E+03   .630790E+03   .270276E+03   .384457E+04
 26   .308667E+03   .615622E+03   .268709E+03   .403473E+04
 27   .309000E+03   .600454E+03   .267081E+03   .423100E+04
 28   .309333E+03   .585287E+03   .265405E+03   .443192E+04
 29   .309667E+03   .570119E+03   .263710E+03   .463452E+04
 30   .310000E+03   .554951E+03   .261982E+03   .484031E+04
 31   .310333E+03   .539783E+03   .260178E+03   .505373E+04
 32   .310667E+03   .524615E+03   .258354E+03   .526886E+04
 33   .311000E+03   .509446E+03   .256468E+03   .549016E+04
 34   .311333E+03   .494278E+03   .254533E+03   .571616E+04
 35   .311667E+03   .479110E+03   .252550E+03   .594688E+04
 36   .312000E+03   .463941E+03   .250490E+03   .618528E+04
 37   .312333E+03   .448772E+03   .248395E+03   .642692E+04
 38   .312667E+03   .433604E+03   .246237E+03   .667480E+04
 39   .313000E+03   .418435E+03   .244000E+03   .693041E+04
 40   .313333E+03   .403266E+03   .241685E+03   .719378E+04
 41   .313667E+03   .388096E+03   .239307E+03   .746342E+04
 42   .314000E+03   .372927E+03   .236863E+03   .773935E+04
 43   .314333E+03   .357757E+03   .234312E+03   .802608E+04
 44   .314667E+03   .342587E+03   .231666E+03   .832212E+04
 45   .315000E+03   .327416E+03   .228926E+03   .862751E+04
 46   .315333E+03   .312246E+03   .226077E+03   .894377E+04
 47   .315667E+03   .297075E+03   .223117E+03   .927091E+04
 48   .316000E+03   .281903E+03   .220033E+03   .961047E+04
 49   .316333E+03   .266731E+03   .216824E+03   .996247E+04
 50   .316667E+03   .251558E+03   .213445E+03   .103315E+05
 51   .317000E+03   .236384E+03   .209896E+03   .107175E+05
 52   .317333E+03   .221210E+03   .206161E+03   .111222E+05
 53   .317667E+03   .206034E+03   .202225E+03   .115470E+05
 54   .318000E+03   .190857E+03   .198072E+03   .119935E+05
 55   .318333E+03   .175678E+03   .193643E+03   .124678E+05
 56   .318667E+03   .160497E+03   .188891E+03   .129746E+05
 57   .319000E+03   .145312E+03   .183786E+03   .135170E+05
 58   .319333E+03   .130124E+03   .178268E+03   .141011E+05
 59   .319667E+03   .114927E+03   .172231E+03   .147377E+05
 60   .320000E+03   .100000E+03   .165911E+03   .154025E+05
 15.0
  0   .300000E+03   .100000E+04   .300005E+03  -.477829E+00
  1   .300333E+03   .984851E+03   .299020E+03   .134345E+03
  2   .300667E+03   .969729E+03   .298032E+03   .269317E+03
  3   .301000E+03   .954607E+03   .297042E+03   .404439E+03
  4   .301333E+03   .939484E+03   .296020E+03   .542590E+03
  5   .301667E+03   .924362E+03   .294953E+03   .685216E+03
  6   .302000E+03   .909240E+03   .293897E+03   .826555E+03
  7   .302333E+03   .894118E+03   .292824E+03   .969497E+03
  8   .302667E+03   .878996E+03   .291706E+03   .111693E+04
  9   .303000E+03   .863874E+03   .290584E+03   .126453E+04
 10   .303333E+03   .848751E+03   .289445E+03   .141374E+04
 11   .303667E+03   .833629E+03   .288274E+03   .156601E+04
 12   .304000E+03   .818507E+03   .287072E+03   .172135E+04
 13   .304333E+03   .803385E+03   .285852E+03   .187832E+04
 14   .304667E+03   .788258E+03   .284629E+03   .203546E+04
 15   .305000E+03   .773163E+03   .283389E+03   .219423E+04
 16   .305333E+03   .758415E+03   .282144E+03   .235317E+04
 17   .305667E+03   .744519E+03   .280954E+03   .250644E+04
 18   .306000E+03   .731434E+03   .279817E+03   .265404E+04
 19   .306333E+03   .718343E+03   .278692E+03   .280033E+04
 20   .306667E+03   .704436E+03   .277449E+03   .295851E+04
 21   .307000E+03   .689682E+03   .276059E+03   .313151E+04
 22   .307333E+03   .674587E+03   .274608E+03   .331058E+04
 23   .307667E+03   .659460E+03   .273139E+03   .349131E+04
 24   .308000E+03   .644338E+03   .271638E+03   .367517E+04
 25   .308333E+03   .629215E+03   .270089E+03   .386365E+04
 26   .308667E+03   .614092E+03   .268522E+03   .405381E+04
 27   .309000E+03   .598969E+03   .266893E+03   .425008E+04
 28   .309333E+03   .583847E+03   .265217E+03   .445099E+04
 29   .309667E+03   .568724E+03   .263537E+03   .465212E+04
 30   .310000E+03   .553601E+03   .261794E+03   .485939E+04
 31   .310333E+03   .538478E+03   .260004E+03   .507133E+04
 32   .310667E+03   .523355E+03   .258180E+03   .528646E+04
 33   .311000E+03   .508231E+03   .256293E+03   .550776E+04
 34   .311333E+03   .493108E+03   .254359E+03   .573376E+04
 35   .311667E+03   .477985E+03   .252376E+03   .596447E+04
 36   .312000E+03   .462861E+03   .250329E+03   .620139E+04
 37   .312333E+03   .447737E+03   .248234E+03   .644303E+04
 38   .312667E+03   .432614E+03   .246076E+03   .669091E+04
 39   .313000E+03   .417490E+03   .243825E+03   .694802E+04
 40   .313333E+03   .402366E+03   .241525E+03   .720989E+04
 41   .313667E+03   .387241E+03   .239175E+03   .747653E+04
 42   .314000E+03   .372117E+03   .236717E+03   .775396E+04
 43   .314333E+03   .356992E+03   .234165E+03   .804069E+04
 44   .314667E+03   .341867E+03   .231519E+03   .833674E+04
 45   .315000E+03   .326742E+03   .228779E+03   .864212E+04
 46   .315333E+03   .311616E+03   .225959E+03   .895536E+04
 47   .315667E+03   .296490E+03   .223000E+03   .928251E+04
 48   .316000E+03   .281363E+03   .219915E+03   .962207E+04
 49   .316333E+03   .266236E+03   .216706E+03   .997407E+04
 50   .316667E+03   .251108E+03   .213327E+03   .103431E+05
 51   .317000E+03   .235980E+03   .209792E+03   .107276E+05
 52   .317333E+03   .220850E+03   .206072E+03   .111308E+05
 53   .317667E+03   .205720E+03   .202151E+03   .115540E+05
 54   .318000E+03   .190587E+03   .197983E+03   .120021E+05
 55   .318333E+03   .175454E+03   .193553E+03   .124764E+05
 56   .318667E+03   .160317E+03   .188846E+03   .129786E+05
 57   .319000E+03   .145178E+03   .183742E+03   .135210E+05
 58   .319333E+03   .130035E+03   .178224E+03   .141051E+05
 59   .319667E+03   .114884E+03   .172216E+03   .147387E+05
 60   .320000E+03   .100000E+03   .165911E+03   .154019E+05
 .0
  0   .300000E+03   .100000E+04   .299991E+03   .955657E+00
  1   .300333E+03   .984973E+03   .299034E+03   .132910E+03
  2   .300667E+03   .969972E+03   .298060E+03   .266447E+03
  3   .301000E+03   .954972E+03   .297070E+03   .401569E+03
  4   .301333E+03   .939972E+03   .296048E+03   .539720E+03
  5   .301667E+03   .924971E+03   .295009E+03   .679463E+03
  6   .302000E+03   .909971E+03   .293968E+03   .819362E+03
  7   .302333E+03   .894970E+03   .292895E+03   .962302E+03
  8   .302667E+03   .879970E+03   .291805E+03   .110685E+04
  9   .303000E+03   .864969E+03   .290697E+03   .125300E+04
 10   .303333E+03   .849969E+03   .289558E+03   .140220E+04
 11   .303667E+03   .834968E+03   .288402E+03   .155303E+04
 12   .304000E+03   .819967E+03   .287228E+03   .170547E+04
 13   .304333E+03   .804967E+03   .286037E+03   .185953E+04
 14   .304667E+03   .789966E+03   .284814E+03   .201667E+04
 15   .305000E+03   .774966E+03   .283559E+03   .217689E+04
 16   .305333E+03   .759965E+03   .282287E+03   .233875E+04
 17   .305667E+03   .744964E+03   .280997E+03   .250224E+04
 18   .306000E+03   .729963E+03   .279675E+03   .266884E+04
 19   .306333E+03   .714963E+03   .278320E+03   .283854E+04
 20   .306667E+03   .699962E+03   .276934E+03   .301136E+04
 21   .307000E+03   .684961E+03   .275515E+03   .318730E+04
 22   .307333E+03   .669960E+03   .274092E+03   .336342E+04
 23   .307667E+03   .654959E+03   .272622E+03   .354415E+04
 24   .308000E+03   .639958E+03   .271091E+03   .373096E+04
 25   .308333E+03   .624957E+03   .269557E+03   .391797E+04
 26   .308667E+03   .609956E+03   .267989E+03   .410813E+04
 27   .309000E+03   .594955E+03   .266374E+03   .430292E+04
 28   .309333E+03   .579954E+03   .264726E+03   .450088E+04
 29   .309667E+03   .564953E+03   .263031E+03   .470349E+04
 30   .310000E+03   .549951E+03   .261302E+03   .490927E+04
 31   .310333E+03   .534950E+03   .259526E+03   .511973E+04
 32   .310667E+03   .519949E+03   .257687E+03   .533634E+04
 33   .311000E+03   .504947E+03   .255814E+03   .555616E+04
 34   .311333E+03   .489945E+03   .253893E+03   .578068E+04
 35   .311667E+03   .474944E+03   .251910E+03   .601139E+04
 36   .312000E+03   .459942E+03   .249878E+03   .624681E+04
 37   .312333E+03   .444940E+03   .247797E+03   .648696E+04
 38   .312667E+03   .429938E+03   .245638E+03   .673484E+04
 39   .313000E+03   .414935E+03   .243401E+03   .699045E+04
 40   .313333E+03   .399933E+03   .241115E+03   .725083E+04
 41   .313667E+03   .384930E+03   .238765E+03   .751747E+04
 42   .314000E+03   .369928E+03   .236306E+03   .779490E+04
 43   .314333E+03   .354925E+03   .233769E+03   .808012E+04
 44   .314667E+03   .339921E+03   .231152E+03   .837317E+04
 45   .315000E+03   .324918E+03   .228426E+03   .867705E+04
 46   .315333E+03   .309914E+03   .225605E+03   .899029E+04
 47   .315667E+03   .294909E+03   .222661E+03   .931593E+04
 48   .316000E+03   .279904E+03   .219591E+03   .965398E+04
 49   .316333E+03   .264899E+03   .216381E+03   .100060E+05
 50   .316667E+03   .249893E+03   .213031E+03   .103720E+05
 51   .317000E+03   .234886E+03   .209511E+03   .107550E+05
 52   .317333E+03   .219878E+03   .205805E+03   .111566E+05
 53   .317667E+03   .204870E+03   .201913E+03   .115769E+05
 54   .318000E+03   .189859E+03   .197775E+03   .120218E+05
 55   .318333E+03   .174847E+03   .193375E+03   .124931E+05
 56   .318667E+03   .159833E+03   .188668E+03   .129954E+05
 57   .319000E+03   .144816E+03   .183608E+03   .135332E+05
 58   .319333E+03   .129795E+03   .178134E+03   .141127E+05
 59   .319667E+03   .114766E+03   .172156E+03   .147432E+05
 60   .320000E+03   .100000E+03   .165911E+03   .154004E+05
 -100.0
 30.0
  0   .300000E+03   .999994E+03   .299991E+03   .898318E+00
  1   .300333E+03   .984817E+03   .299034E+03   .132852E+03
  2   .300667E+03   .969659E+03   .298032E+03   .269263E+03
  3   .301000E+03   .954502E+03   .297014E+03   .407258E+03
  4   .301333E+03   .939344E+03   .295992E+03   .545410E+03
  5   .301667E+03   .924187E+03   .294939E+03   .686594E+03
  6   .302000E+03   .909029E+03   .293883E+03   .827934E+03
  7   .302333E+03   .893871E+03   .292796E+03   .972319E+03
  8   .302667E+03   .878713E+03   .291677E+03   .111975E+04
  9   .303000E+03   .863555E+03   .290556E+03   .126735E+04
 10   .303333E+03   .848397E+03   .289417E+03   .141656E+04
 11   .303667E+03   .833239E+03   .288232E+03   .157028E+04
 12   .304000E+03   .818081E+03   .287030E+03   .172562E+04
 13   .304333E+03   .802923E+03   .285824E+03   .188114E+04
 14   .304667E+03   .787759E+03   .284587E+03   .203973E+04
 15   .305000E+03   .772635E+03   .283317E+03   .220141E+04
 16   .305333E+03   .757969E+03   .282073E+03   .236035E+04
 17   .305667E+03   .744434E+03   .280940E+03   .250779E+04
 18   .306000E+03   .731960E+03   .279889E+03   .264661E+04
 19   .306333E+03   .719479E+03   .278821E+03   .278706E+04
 20   .306667E+03   .705925E+03   .277606E+03   .294231E+04
 21   .307000E+03   .691248E+03   .276246E+03   .311238E+04
 22   .307333E+03   .676118E+03   .274809E+03   .328998E+04
 23   .307667E+03   .660950E+03   .273312E+03   .347364E+04
 24   .308000E+03   .645786E+03   .271810E+03   .365751E+04
 25   .308333E+03   .630621E+03   .270262E+03   .384599E+04
 26   .308667E+03   .615457E+03   .268681E+03   .403762E+04
 27   .309000E+03   .600292E+03   .267066E+03   .423242E+04
 28   .309333E+03   .585128E+03   .265376E+03   .443481E+04
 29   .309667E+03   .569963E+03   .263681E+03   .463741E+04
 30   .310000E+03   .554797E+03   .261953E+03   .484320E+04
 31   .310333E+03   .539632E+03   .260149E+03   .505662E+04
 32   .310667E+03   .524467E+03   .258310E+03   .527324E+04
 33   .311000E+03   .509301E+03   .256439E+03   .549305E+04
 34   .311333E+03   .494135E+03   .254518E+03   .571757E+04
 35   .311667E+03   .478969E+03   .252521E+03   .594977E+04
 36   .312000E+03   .463803E+03   .250460E+03   .618817E+04
 37   .312333E+03   .448637E+03   .248366E+03   .642982E+04
 38   .312667E+03   .433471E+03   .246193E+03   .667919E+04
 39   .313000E+03   .418305E+03   .243956E+03   .693480E+04
 40   .313333E+03   .403138E+03   .241656E+03   .719667E+04
 41   .313667E+03   .387972E+03   .239277E+03   .746631E+04
 42   .314000E+03   .372806E+03   .236805E+03   .774524E+04
 43   .314333E+03   .357639E+03   .234268E+03   .803046E+04
 44   .314667E+03   .342473E+03   .231622E+03   .832651E+04
 45   .315000E+03   .327306E+03   .228867E+03   .863340E+04
 46   .315333E+03   .312139E+03   .226047E+03   .894665E+04
 47   .315667E+03   .296973E+03   .223073E+03   .927530E+04
 48   .316000E+03   .281806E+03   .219974E+03   .961636E+04
 49   .316333E+03   .266639E+03   .216765E+03   .996837E+04
 50   .316667E+03   .251472E+03   .213401E+03   .103359E+05
 51   .317000E+03   .236304E+03   .209852E+03   .107219E+05
 52   .317333E+03   .221136E+03   .206117E+03   .111266E+05
 53   .317667E+03   .205968E+03   .202180E+03   .115514E+05
 54   .318000E+03   .190798E+03   .198013E+03   .119994E+05
 55   .318333E+03   .175627E+03   .193598E+03   .124722E+05
 56   .318667E+03   .160455E+03   .188861E+03   .129775E+05
 57   .319000E+03   .145280E+03   .183757E+03   .135198E+05
 58   .319333E+03   .130102E+03   .178238E+03   .141040E+05
 59   .319667E+03   .114917E+03   .172216E+03   .147391E+05
 60   .320000E+03   .100000E+03   .165911E+03   .154023E+05
 15.0
  0   .300000E+03   .999991E+03   .299977E+03   .229995E+01
  1   .300333E+03   .984833E+03   .299048E+03   .131385E+03
  2   .300667E+03   .969696E+03   .298046E+03   .267798E+03
  3   .301000E+03   .954557E+03   .297028E+03   .405791E+03
  4   .301333E+03   .939419E+03   .296020E+03   .542504E+03
  5   .301667E+03   .924279E+03   .294967E+03   .683689E+03
  6   .302000E+03   .909139E+03   .293883E+03   .827915E+03
  7   .302333E+03   .893998E+03   .292782E+03   .973742E+03
  8   .302667E+03   .878855E+03   .291663E+03   .112118E+04
  9   .303000E+03   .863711E+03   .290499E+03   .127312E+04
 10   .303333E+03   .848565E+03   .289318E+03   .142667E+04
 11   .303667E+03   .833417E+03   .288104E+03   .158329E+04
 12   .304000E+03   .818266E+03   .286831E+03   .174590E+04
 13   .304333E+03   .803113E+03   .285540E+03   .191013E+04
 14   .304667E+03   .787953E+03   .284217E+03   .207746E+04
 15   .305000E+03   .772822E+03   .282847E+03   .224933E+04
 16   .305333E+03   .758043E+03   .281531E+03   .241556E+04
 17   .305667E+03   .744127E+03   .280626E+03   .253962E+04
 18   .306000E+03   .731038E+03   .280103E+03   .262438E+04
 19   .306333E+03   .717944E+03   .279450E+03   .272241E+04
 20   .306667E+03   .704019E+03   .278236E+03   .287767E+04
 21   .307000E+03   .689237E+03   .276518E+03   .308440E+04
 22   .307333E+03   .674112E+03   .274694E+03   .330162E+04
 23   .307667E+03   .658958E+03   .272866E+03   .351908E+04
 24   .308000E+03   .643812E+03   .271005E+03   .373972E+04
 25   .308333E+03   .628670E+03   .269139E+03   .396060E+04
 26   .308667E+03   .613532E+03   .267268E+03   .418171E+04
 27   .309000E+03   .598398E+03   .265364E+03   .440602E+04
 28   .309333E+03   .583267E+03   .263470E+03   .462909E+04
 29   .309667E+03   .568139E+03   .261542E+03   .485536E+04
 30   .310000E+03   .553014E+03   .259609E+03   .508187E+04
 31   .310333E+03   .537891E+03   .257642E+03   .531160E+04
 32   .310667E+03   .522771E+03   .255641E+03   .554453E+04
 33   .311000E+03   .507653E+03   .253636E+03   .577771E+04
 34   .311333E+03   .492538E+03   .251626E+03   .601115E+04
 35   .311667E+03   .477425E+03   .249553E+03   .625079E+04
 36   .312000E+03   .462313E+03   .247445E+03   .649366E+04
 37   .312333E+03   .447203E+03   .245318E+03   .673829E+04
 38   .312667E+03   .432095E+03   .243142E+03   .698766E+04
 39   .313000E+03   .416987E+03   .240902E+03   .724327E+04
 40   .313333E+03   .401881E+03   .238628E+03   .750215E+04
 41   .313667E+03   .386776E+03   .236275E+03   .776880E+04
 42   .314000E+03   .371672E+03   .233873E+03   .804022E+04
 43   .314333E+03   .356569E+03   .231406E+03   .831794E+04
 44   .314667E+03   .341466E+03   .228860E+03   .860347E+04
 45   .315000E+03   .326364E+03   .226205E+03   .889984E+04
 46   .315333E+03   .311262E+03   .223471E+03   .920403E+04
 47   .315667E+03   .296161E+03   .220656E+03   .951611E+04
 48   .316000E+03   .281059E+03   .217702E+03   .984208E+04
 49   .316333E+03   .265957E+03   .214609E+03   .101820E+05
 50   .316667E+03   .250854E+03   .211376E+03   .105359E+05
 51   .317000E+03   .235751E+03   .207987E+03   .109053E+05
 52   .317333E+03   .220648E+03   .204442E+03   .112902E+05
 53   .317667E+03   .205543E+03   .200667E+03   .116983E+05
 54   .318000E+03   .190437E+03   .196676E+03   .121281E+05
 55   .318333E+03   .175328E+03   .192439E+03   .125827E+05
 56   .318667E+03   .160218E+03   .187894E+03   .130682E+05
 57   .319000E+03   .145104E+03   .183012E+03   .135877E+05
 58   .319333E+03   .129986E+03   .177717E+03   .141490E+05
 59   .319667E+03   .114859E+03   .171932E+03   .147596E+05
 60   .320000E+03   .100000E+03   .165702E+03   .154153E+05
 .0
  0   .300000E+03   .999988E+03   .299991E+03   .853721E+00
  1   .300333E+03   .984935E+03   .299034E+03   .132808E+03
  2   .300667E+03   .969901E+03   .298060E+03   .266345E+03
  3   .301000E+03   .954867E+03   .297056E+03   .402905E+03
  4   .301333E+03   .939835E+03   .296034E+03   .541055E+03
  5   .301667E+03   .924803E+03   .294995E+03   .680799E+03
  6   .302000E+03   .909774E+03   .293940E+03   .822139E+03
  7   .302333E+03   .894746E+03   .292881E+03   .963636E+03
  8   .302667E+03   .879722E+03   .291791E+03   .110818E+04
  9   .303000E+03   .864701E+03   .290669E+03   .125578E+04
 10   .303333E+03   .849684E+03   .289530E+03   .140499E+04
 11   .303667E+03   .834673E+03   .288374E+03   .155581E+04
 12   .304000E+03   .819668E+03   .287200E+03   .170825E+04
 13   .304333E+03   .804670E+03   .285995E+03   .186376E+04
 14   .304667E+03   .789680E+03   .284786E+03   .201944E+04
 15   .305000E+03   .774723E+03   .283545E+03   .217821E+04
 16   .305333E+03   .759856E+03   .282273E+03   .234007E+04
 17   .305667E+03   .745176E+03   .281011E+03   .250065E+04
 18   .306000E+03   .730713E+03   .279746E+03   .266139E+04
 19   .306333E+03   .716254E+03   .278463E+03   .282378E+04
 20   .306667E+03   .701582E+03   .277120E+03   .299221E+04
 21   .307000E+03   .686725E+03   .275730E+03   .316521E+04
 22   .307333E+03   .671779E+03   .274307E+03   .334134E+04
 23   .307667E+03   .656801E+03   .272838E+03   .352207E+04
 24   .308000E+03   .641813E+03   .271321E+03   .370741E+04
 25   .308333E+03   .626818E+03   .269787E+03   .389441E+04
 26   .308667E+03   .611814E+03   .268234E+03   .408310E+04
 27   .309000E+03   .596804E+03   .266619E+03   .427789E+04
 28   .309333E+03   .581789E+03   .264957E+03   .447733E+04
 29   .309667E+03   .566768E+03   .263262E+03   .467994E+04
 30   .310000E+03   .551744E+03   .261534E+03   .488572E+04
 31   .310333E+03   .536715E+03   .259757E+03   .509618E+04
 32   .310667E+03   .521683E+03   .257933E+03   .531131E+04
 33   .311000E+03   .506647E+03   .256076E+03   .552964E+04
 34   .311333E+03   .491609E+03   .254141E+03   .575564E+04
 35   .311667E+03   .476567E+03   .252157E+03   .598635E+04
 36   .312000E+03   .461523E+03   .250140E+03   .622029E+04
 37   .312333E+03   .446477E+03   .248030E+03   .646343E+04
 38   .312667E+03   .431428E+03   .245872E+03   .671130E+04
 39   .313000E+03   .416377E+03   .243650E+03   .696542E+04
 40   .313333E+03   .401324E+03   .241364E+03   .722579E+04
 41   .313667E+03   .386268E+03   .238999E+03   .749394E+04
 42   .314000E+03   .371210E+03   .236526E+03   .777286E+04
 43   .314333E+03   .356151E+03   .234004E+03   .805659E+04
 44   .314667E+03   .341089E+03   .231387E+03   .834963E+04
 45   .315000E+03   .326025E+03   .228647E+03   .865502E+04
 46   .315333E+03   .310959E+03   .225812E+03   .896977E+04
 47   .315667E+03   .295890E+03   .222867E+03   .929540E+04
 48   .316000E+03   .280820E+03   .219797E+03   .963345E+04
 49   .316333E+03   .265747E+03   .216588E+03   .998546E+04
 50   .316667E+03   .250672E+03   .213224E+03   .103530E+05
 51   .317000E+03   .235595E+03   .209689E+03   .107375E+05
 52   .317333E+03   .220515E+03   .205983E+03   .111391E+05
 53   .317667E+03   .205432E+03   .202062E+03   .115624E+05
 54   .318000E+03   .190346E+03   .197909E+03   .120089E+05
 55   .318333E+03   .175256E+03   .193509E+03   .124802E+05
 56   .318667E+03   .160163E+03   .188787E+03   .129839E+05
 57   .319000E+03   .145065E+03   .183697E+03   .135248E+05
 58   .319333E+03   .129961E+03   .178194E+03   .141074E+05
 59   .319667E+03   .114848E+03   .172201E+03   .147394E+05
 60   .320000E+03   .100000E+03   .165926E+03   .153996E+05
 -100.0
 30.0
  0   .300000E+03   .999983E+03   .300033E+03  -.350408E+01
  1   .300333E+03   .984468E+03   .298992E+03   .137056E+03
  2   .300667E+03   .968966E+03   .297962E+03   .276335E+03
  3   .301000E+03   .953464E+03   .296929E+03   .415770E+03
  4   .301333E+03   .937962E+03   .295865E+03   .558238E+03
  5   .301667E+03   .922460E+03   .294784E+03   .702303E+03
  6   .302000E+03   .906960E+03   .293686E+03   .847971E+03
  7   .302333E+03   .891459E+03   .292570E+03   .995242E+03
  8   .302667E+03   .875959E+03   .291423E+03   .114557E+04
  9   .303000E+03   .860460E+03   .290245E+03   .129895E+04
 10   .303333E+03   .844961E+03   .289063E+03   .145251E+04
 11   .303667E+03   .829455E+03   .287849E+03   .160913E+04
 12   .304000E+03   .813986E+03   .286618E+03   .176738E+04
 13   .304333E+03   .798968E+03   .285426E+03   .192144E+04
 14   .304667E+03   .785275E+03   .284331E+03   .206548E+04
 15   .305000E+03   .773552E+03   .283417E+03   .219073E+04
 16   .305333E+03   .763554E+03   .282658E+03   .230010E+04
 17   .305667E+03   .754238E+03   .281967E+03   .240228E+04
 18   .306000E+03   .744233E+03   .281203E+03   .251189E+04
 19   .306333E+03   .732486E+03   .280237E+03   .264209E+04
 20   .306667E+03   .718777E+03   .279024E+03   .279734E+04
 21   .307000E+03   .703750E+03   .277650E+03   .296888E+04
 22   .307333E+03   .688281E+03   .276201E+03   .314795E+04
 23   .307667E+03   .672780E+03   .274691E+03   .333308E+04
 24   .308000E+03   .657285E+03   .273162E+03   .351989E+04
 25   .308333E+03   .641790E+03   .271601E+03   .370984E+04
 26   .308667E+03   .626297E+03   .270006E+03   .390295E+04
 27   .309000E+03   .610804E+03   .268350E+03   .410217E+04
 28   .309333E+03   .595312E+03   .266661E+03   .430456E+04
 29   .309667E+03   .579820E+03   .264968E+03   .450717E+04
 30   .310000E+03   .564329E+03   .263198E+03   .471740E+04
 31   .310333E+03   .548840E+03   .261380E+03   .493230E+04
 32   .310667E+03   .533350E+03   .259529E+03   .515040E+04
 33   .311000E+03   .517862E+03   .257629E+03   .537319E+04
 34   .311333E+03   .502374E+03   .255681E+03   .560068E+04
 35   .311667E+03   .486887E+03   .253671E+03   .583436E+04
 36   .312000E+03   .471400E+03   .251597E+03   .607426E+04
 37   .312333E+03   .455914E+03   .249474E+03   .631888E+04
 38   .312667E+03   .440429E+03   .247273E+03   .657124E+04
 39   .313000E+03   .424944E+03   .245009E+03   .682984E+04
 40   .313333E+03   .409459E+03   .242680E+03   .709471E+04
 41   .313667E+03   .393975E+03   .240273E+03   .736734E+04
 42   .314000E+03   .378492E+03   .237787E+03   .764777E+04
 43   .314333E+03   .363008E+03   .235222E+03   .793600E+04
 44   .314667E+03   .347526E+03   .232548E+03   .823505E+04
 45   .315000E+03   .332043E+03   .229764E+03   .854495E+04
 46   .315333E+03   .316560E+03   .226916E+03   .886121E+04
 47   .315667E+03   .301078E+03   .223899E+03   .919438E+04
 48   .316000E+03   .285596E+03   .220771E+03   .953846E+04
 49   .316333E+03   .270113E+03   .217519E+03   .989500E+04
 50   .316667E+03   .254630E+03   .214096E+03   .102686E+05
 51   .317000E+03   .239147E+03   .210532E+03   .106561E+05
 52   .317333E+03   .223664E+03   .206739E+03   .110668E+05
 53   .317667E+03   .208179E+03   .202759E+03   .114962E+05
 54   .318000E+03   .192694E+03   .198547E+03   .119488E+05
 55   .318333E+03   .177207E+03   .194044E+03   .124307E+05
 56   .318667E+03   .161718E+03   .189248E+03   .129421E+05
 57   .319000E+03   .146226E+03   .184069E+03   .134920E+05
 58   .319333E+03   .130730E+03   .178477E+03   .140838E+05
 59   .319667E+03   .115225E+03   .172350E+03   .147296E+05
 60   .320000E+03   .100000E+03   .165896E+03   .154081E+05
 15.0
  0   .300000E+03   .999980E+03   .299921E+03   .748280E+01
  1   .300333E+03   .984425E+03   .298894E+03   .146607E+03
  2   .300667E+03   .968882E+03   .297780E+03   .294508E+03
  3   .301000E+03   .953336E+03   .296620E+03   .446877E+03
  4   .301333E+03   .937788E+03   .295485E+03   .596541E+03
  5   .301667E+03   .922237E+03   .294333E+03   .747808E+03
  6   .302000E+03   .906680E+03   .293136E+03   .903574E+03
  7   .302333E+03   .891119E+03   .291907E+03   .106239E+04
  8   .302667E+03   .875553E+03   .290674E+03   .122139E+04
  9   .303000E+03   .859979E+03   .289452E+03   .137912E+04
 10   .303333E+03   .844395E+03   .288227E+03   .153702E+04
 11   .303667E+03   .828792E+03   .287041E+03   .169074E+04
 12   .304000E+03   .813218E+03   .285866E+03   .184318E+04
 13   .304333E+03   .798086E+03   .284815E+03   .198269E+04
 14   .304667E+03   .784264E+03   .284003E+03   .209764E+04
 15   .305000E+03   .772422E+03   .283588E+03   .217190E+04
 16   .305333E+03   .762320E+03   .283427E+03   .222003E+04
 17   .305667E+03   .752911E+03   .283323E+03   .226235E+04
 18   .306000E+03   .742805E+03   .282975E+03   .232960E+04
 19   .306333E+03   .730946E+03   .282096E+03   .245103E+04
 20   .306667E+03   .717123E+03   .280699E+03   .262533E+04
 21   .307000E+03   .701985E+03   .278797E+03   .285112E+04
 22   .307333E+03   .686417E+03   .276861E+03   .308008E+04
 23   .307667E+03   .670831E+03   .274892E+03   .331224E+04
 24   .308000E+03   .655264E+03   .272616E+03   .357555E+04
 25   .308333E+03   .639711E+03   .270104E+03   .386269E+04
 26   .308667E+03   .624172E+03   .267614E+03   .414719E+04
 27   .309000E+03   .608646E+03   .265133E+03   .443052E+04
 28   .309333E+03   .593133E+03   .262618E+03   .471712E+04
 29   .309667E+03   .577631E+03   .260096E+03   .500402E+04
 30   .310000E+03   .562140E+03   .257553E+03   .529271E+04
 31   .310333E+03   .546659E+03   .255005E+03   .558171E+04
 32   .310667E+03   .531188E+03   .252509E+03   .586509E+04
 33   .311000E+03   .515726E+03   .250035E+03   .614580E+04
 34   .311333E+03   .500271E+03   .247556E+03   .642682E+04
 35   .311667E+03   .484825E+03   .245114E+03   .670367E+04
 36   .312000E+03   .469385E+03   .242667E+03   .698081E+04
 37   .312333E+03   .453951E+03   .240258E+03   .725377E+04
 38   .312667E+03   .438524E+03   .237858E+03   .752554E+04
 39   .313000E+03   .423101E+03   .235437E+03   .779909E+04
 40   .313333E+03   .407683E+03   .233025E+03   .807144E+04
 41   .313667E+03   .392270E+03   .230608E+03   .834407E+04
 42   .314000E+03   .376860E+03   .228155E+03   .862000E+04
 43   .314333E+03   .361453E+03   .225668E+03   .889921E+04
 44   .314667E+03   .346050E+03   .223130E+03   .918324E+04
 45   .315000E+03   .330649E+03   .220573E+03   .946907E+04
 46   .315333E+03   .315251E+03   .217935E+03   .976274E+04
 47   .315667E+03   .299855E+03   .215233E+03   .100627E+05
 48   .316000E+03   .284460E+03   .212435E+03   .103721E+05
 49   .316333E+03   .269067E+03   .209528E+03   .106924E+05
 50   .316667E+03   .253675E+03   .206526E+03   .110221E+05
 51   .317000E+03   .238284E+03   .203414E+03   .113627E+05
 52   .317333E+03   .222893E+03   .200131E+03   .117204E+05
 53   .317667E+03   .207503E+03   .196693E+03   .120936E+05
 54   .318000E+03   .192112E+03   .193054E+03   .124869E+05
 55   .318333E+03   .176721E+03   .189214E+03   .129005E+05
 56   .318667E+03   .161328E+03   .185127E+03   .133388E+05
 57   .319000E+03   .145932E+03   .180793E+03   .138019E+05
 58   .319333E+03   .130534E+03   .176106E+03   .143006E+05
 59   .319667E+03   .115128E+03   .171037E+03   .148380E+05
 60   .320000E+03   .100000E+03   .165956E+03   .153760E+05
 .0
  0   .300000E+03   .999988E+03   .300061E+03  -.631690E+01
  1   .300333E+03   .984916E+03   .299034E+03   .132808E+03
  2   .300667E+03   .969854E+03   .298046E+03   .267778E+03
  3   .301000E+03   .954796E+03   .297056E+03   .402902E+03
  4   .301333E+03   .939743E+03   .296020E+03   .542492E+03
  5   .301667E+03   .924698E+03   .294981E+03   .682234E+03
  6   .302000E+03   .909663E+03   .293940E+03   .822133E+03
  7   .302333E+03   .894642E+03   .292867E+03   .965074E+03
  8   .302667E+03   .879640E+03   .291776E+03   .110962E+04
  9   .303000E+03   .864662E+03   .290655E+03   .125722E+04
 10   .303333E+03   .849714E+03   .289530E+03   .140497E+04
 11   .303667E+03   .834824E+03   .288388E+03   .155435E+04
 12   .304000E+03   .819985E+03   .287214E+03   .170679E+04
 13   .304333E+03   .805302E+03   .286037E+03   .185939E+04
 14   .304667E+03   .790972E+03   .284857E+03   .201217E+04
 15   .305000E+03   .777087E+03   .283730E+03   .215928E+04
 16   .305333E+03   .763634E+03   .282658E+03   .230072E+04
 17   .305667E+03   .750326E+03   .281596E+03   .244086E+04
 18   .306000E+03   .736854E+03   .280489E+03   .258553E+04
 19   .306333E+03   .723016E+03   .279264E+03   .274207E+04
 20   .306667E+03   .708676E+03   .277950E+03   .290757E+04
 21   .307000E+03   .693993E+03   .276575E+03   .307911E+04
 22   .307333E+03   .679150E+03   .275154E+03   .325524E+04
 23   .307667E+03   .664215E+03   .273714E+03   .343303E+04
 24   .308000E+03   .649230E+03   .272227E+03   .361542E+04
 25   .308333E+03   .634204E+03   .270694E+03   .380243E+04
 26   .308667E+03   .619142E+03   .269127E+03   .399259E+04
 27   .309000E+03   .604050E+03   .267528E+03   .418591E+04
 28   .309333E+03   .588932E+03   .265896E+03   .438239E+04
 29   .309667E+03   .573791E+03   .264202E+03   .458500E+04
 30   .310000E+03   .558630E+03   .262460E+03   .479226E+04
 31   .310333E+03   .543452E+03   .260685E+03   .500272E+04
 32   .310667E+03   .528258E+03   .258861E+03   .521785E+04
 33   .311000E+03   .513050E+03   .256990E+03   .543767E+04
 34   .311333E+03   .497829E+03   .255056E+03   .566367E+04
 35   .311667E+03   .482597E+03   .253074E+03   .589438E+04
 36   .312000E+03   .467354E+03   .251029E+03   .613129E+04
 37   .312333E+03   .452101E+03   .248920E+03   .637443E+04
 38   .312667E+03   .436840E+03   .246748E+03   .662380E+04
 39   .313000E+03   .421571E+03   .244512E+03   .687941E+04
 40   .313333E+03   .406295E+03   .242212E+03   .714128E+04
 41   .313667E+03   .391011E+03   .239819E+03   .741242E+04
 42   .314000E+03   .375721E+03   .237362E+03   .768985E+04
 43   .314333E+03   .360426E+03   .234811E+03   .797658E+04
 44   .314667E+03   .345125E+03   .232151E+03   .827413E+04
 45   .315000E+03   .329819E+03   .229397E+03   .858102E+04
 46   .315333E+03   .314508E+03   .226548E+03   .889727E+04
 47   .315667E+03   .299193E+03   .223589E+03   .922442E+04
 48   .316000E+03   .283873E+03   .220476E+03   .956700E+04
 49   .316333E+03   .268550E+03   .217223E+03   .992353E+04
 50   .316667E+03   .253223E+03   .213845E+03   .102925E+05
 51   .317000E+03   .237892E+03   .210281E+03   .106801E+05
 52   .317333E+03   .222557E+03   .206517E+03   .110878E+05
 53   .317667E+03   .207219E+03   .202566E+03   .115141E+05
 54   .318000E+03   .191877E+03   .198369E+03   .119652E+05
 55   .318333E+03   .176531E+03   .193910E+03   .124425E+05
 56   .318667E+03   .161181E+03   .189129E+03   .129524E+05
 57   .319000E+03   .145825E+03   .183965E+03   .135008E+05
 58   .319333E+03   .130464E+03   .178402E+03   .140895E+05
 59   .319667E+03   .115095E+03   .172305E+03   .147323E+05
 60   .320000E+03   .100000E+03   .165896E+03   .154062E+05
 -100.0
 30.0
  0   .300000E+03   .999968E+03   .299991E+03   .633919E+00
  1   .300333E+03   .983950E+03   .298936E+03   .142627E+03
  2   .300667E+03   .967942E+03   .297878E+03   .284780E+03
  3   .301000E+03   .951934E+03   .296789E+03   .429965E+03
  4   .301333E+03   .935927E+03   .295682E+03   .576749E+03
  5   .301667E+03   .919921E+03   .294545E+03   .726578E+03
  6   .302000E+03   .903916E+03   .293390E+03   .878013E+03
  7   .302333E+03   .887912E+03   .292231E+03   .102962E+04
  8   .302667E+03   .871905E+03   .291027E+03   .118573E+04
  9   .303000E+03   .855925E+03   .289792E+03   .134490E+04
 10   .303333E+03   .840337E+03   .288595E+03   .149990E+04
 11   .303667E+03   .825975E+03   .287495E+03   .164492E+04
 12   .304000E+03   .813672E+03   .286575E+03   .177122E+04
 13   .304333E+03   .803754E+03   .285895E+03   .187295E+04
 14   .304667E+03   .795895E+03   .285383E+03   .195733E+04
 15   .305000E+03   .789226E+03   .285012E+03   .202724E+04
 16   .305333E+03   .782555E+03   .284639E+03   .209724E+04
 17   .305667E+03   .774687E+03   .284108E+03   .218337E+04
 18   .306000E+03   .764756E+03   .283361E+03   .229152E+04
 19   .306333E+03   .752435E+03   .282353E+03   .242612E+04
 20   .306667E+03   .738061E+03   .281114E+03   .258430E+04
 21   .307000E+03   .722473E+03   .279700E+03   .276024E+04
 22   .307333E+03   .706503E+03   .278224E+03   .294223E+04
 23   .307667E+03   .690509E+03   .276687E+03   .313031E+04
 24   .308000E+03   .674520E+03   .275132E+03   .332006E+04
 25   .308333E+03   .658534E+03   .273544E+03   .351296E+04
 26   .308667E+03   .642549E+03   .271909E+03   .371049E+04
 27   .309000E+03   .626566E+03   .270255E+03   .390971E+04
 28   .309333E+03   .610585E+03   .268539E+03   .411505E+04
 29   .309667E+03   .594605E+03   .266790E+03   .432357E+04
 30   .310000E+03   .578628E+03   .265007E+03   .453528E+04
 31   .310333E+03   .562652E+03   .263162E+03   .475315E+04
 32   .310667E+03   .546677E+03   .261269E+03   .497570E+04
 33   .311000E+03   .530705E+03   .259343E+03   .520146E+04
 34   .311333E+03   .514733E+03   .257353E+03   .543341E+04
 35   .311667E+03   .498764E+03   .255300E+03   .567156E+04
 36   .312000E+03   .482795E+03   .253199E+03   .591443E+04
 37   .312333E+03   .466828E+03   .251034E+03   .616354E+04
 38   .312667E+03   .450863E+03   .248791E+03   .642037E+04
 39   .313000E+03   .434898E+03   .246485E+03   .668346E+04
 40   .313333E+03   .418935E+03   .244114E+03   .695281E+04
 41   .313667E+03   .402973E+03   .241679E+03   .722845E+04
 42   .314000E+03   .387012E+03   .239150E+03   .751337E+04
 43   .314333E+03   .371052E+03   .236528E+03   .780760E+04
 44   .314667E+03   .355092E+03   .233796E+03   .811267E+04
 45   .315000E+03   .339134E+03   .230985E+03   .842558E+04
 46   .315333E+03   .323176E+03   .228049E+03   .875087E+04
 47   .315667E+03   .307218E+03   .224989E+03   .908856E+04
 48   .316000E+03   .291261E+03   .221833E+03   .943567E+04
 49   .316333E+03   .275305E+03   .218508E+03   .979976E+04
 50   .316667E+03   .259348E+03   .215013E+03   .101809E+05
 51   .317000E+03   .243391E+03   .211391E+03   .105745E+05
 52   .317333E+03   .227434E+03   .207554E+03   .109898E+05
 53   .317667E+03   .211477E+03   .203485E+03   .114282E+05
 54   .318000E+03   .195518E+03   .199186E+03   .118899E+05
 55   .318333E+03   .179558E+03   .194623E+03   .123779E+05
 56   .318667E+03   .163596E+03   .189739E+03   .128984E+05
 57   .319000E+03   .147631E+03   .184457E+03   .134591E+05
 58   .319333E+03   .131662E+03   .178730E+03   .140645E+05
 59   .319667E+03   .115683E+03   .172470E+03   .147241E+05
 60   .320000E+03   .100000E+03   .165941E+03   .154102E+05
 15.0
  0   .300000E+03   .999973E+03   .299781E+03   .171604E+02
  1   .300333E+03   .983828E+03   .298445E+03   .187841E+03
  2   .300667E+03   .967691E+03   .296951E+03   .374513E+03
  3   .301000E+03   .951549E+03   .295482E+03   .558499E+03
  4   .301333E+03   .935402E+03   .293994E+03   .744148E+03
  5   .301667E+03   .919246E+03   .292545E+03   .925658E+03
  6   .302000E+03   .903080E+03   .291120E+03   .110451E+04
  7   .302333E+03   .886901E+03   .289818E+03   .127053E+04
  8   .302667E+03   .870704E+03   .288611E+03   .142665E+04
  9   .303000E+03   .854515E+03   .287627E+03   .155975E+04
 10   .303333E+03   .838701E+03   .286910E+03   .166551E+04
 11   .303667E+03   .824082E+03   .286786E+03   .171042E+04
 12   .304000E+03   .811553E+03   .287228E+03   .169737E+04
 13   .304333E+03   .801447E+03   .288325E+03   .161738E+04
 14   .304667E+03   .793419E+03   .289707E+03   .150829E+04
 15   .305000E+03   .786616E+03   .291135E+03   .139464E+04
 16   .305333E+03   .779801E+03   .292252E+03   .131304E+04
 17   .305667E+03   .771768E+03   .292599E+03   .131011E+04
 18   .306000E+03   .761649E+03   .292118E+03   .139200E+04
 19   .306333E+03   .749120E+03   .290405E+03   .159975E+04
 20   .306667E+03   .734535E+03   .287557E+03   .192347E+04
 21   .307000E+03   .718749E+03   .283814E+03   .233838E+04
 22   .307333E+03   .702604E+03   .280247E+03   .273466E+04
 23   .307667E+03   .686463E+03   .275940E+03   .320636E+04
 24   .308000E+03   .670355E+03   .270962E+03   .374618E+04
 25   .308333E+03   .654275E+03   .266073E+03   .427629E+04
 26   .308667E+03   .638222E+03   .261115E+03   .481286E+04
 27   .309000E+03   .622193E+03   .256160E+03   .534854E+04
 28   .309333E+03   .606188E+03   .251295E+03   .587444E+04
 29   .309667E+03   .590205E+03   .246578E+03   .638466E+04
 30   .310000E+03   .574242E+03   .242023E+03   .687764E+04
 31   .310333E+03   .558298E+03   .237676E+03   .734894E+04
 32   .310667E+03   .542372E+03   .233508E+03   .780145E+04
 33   .311000E+03   .526462E+03   .229591E+03   .822771E+04
 34   .311333E+03   .510567E+03   .225883E+03   .863212E+04
 35   .311667E+03   .494686E+03   .222458E+03   .900720E+04
 36   .312000E+03   .478817E+03   .219171E+03   .936779E+04
 37   .312333E+03   .462959E+03   .216139E+03   .970190E+04
 38   .312667E+03   .447112E+03   .213289E+03   .100170E+05
 39   .313000E+03   .431274E+03   .210594E+03   .103159E+05
 40   .313333E+03   .415445E+03   .208053E+03   .105987E+05
 41   .313667E+03   .399624E+03   .205683E+03   .108639E+05
 42   .314000E+03   .383809E+03   .203394E+03   .111203E+05
 43   .314333E+03   .368001E+03   .201247E+03   .113620E+05
 44   .314667E+03   .352198E+03   .199140E+03   .115994E+05
 45   .315000E+03   .336401E+03   .197130E+03   .118266E+05
 46   .315333E+03   .320608E+03   .195130E+03   .120525E+05
 47   .315667E+03   .304819E+03   .193185E+03   .122726E+05
 48   .316000E+03   .289033E+03   .191249E+03   .124914E+05
 49   .316333E+03   .273251E+03   .189324E+03   .127089E+05
 50   .316667E+03   .257472E+03   .187351E+03   .129313E+05
 51   .317000E+03   .241694E+03   .185387E+03   .131523E+05
 52   .317333E+03   .225919E+03   .183345E+03   .133812E+05
 53   .317667E+03   .210145E+03   .181298E+03   .136102E+05
 54   .318000E+03   .194372E+03   .179127E+03   .138517E+05
 55   .318333E+03   .178599E+03   .176967E+03   .140919E+05
 56   .318667E+03   .162826E+03   .174668E+03   .143461E+05
 57   .319000E+03   .147051E+03   .172408E+03   .145959E+05
 58   .319333E+03   .131274E+03   .169994E+03   .148613E+05
 59   .319667E+03   .115490E+03   .167679E+03   .151162E+05
 60   .320000E+03   .100000E+03   .166509E+03   .152537E+05
 .0
  0   .300000E+03   .100001E+04   .300033E+03  -.321738E+01
  1   .300333E+03   .984977E+03   .299048E+03   .131605E+03
  2   .300667E+03   .969947E+03   .298046E+03   .268014E+03
  3   .301000E+03   .954926E+03   .297056E+03   .403135E+03
  4   .301333E+03   .939919E+03   .296048E+03   .539848E+03
  5   .301667E+03   .924934E+03   .295009E+03   .679590E+03
  6   .302000E+03   .909979E+03   .293968E+03   .819489E+03
  7   .302333E+03   .895066E+03   .292895E+03   .962430E+03
  8   .302667E+03   .880204E+03   .291805E+03   .110697E+04
  9   .303000E+03   .865442E+03   .290711E+03   .125168E+04
 10   .303333E+03   .850840E+03   .289601E+03   .139799E+04
 11   .303667E+03   .836600E+03   .288473E+03   .154591E+04
 12   .304000E+03   .822912E+03   .287370E+03   .169109E+04
 13   .304333E+03   .809785E+03   .286350E+03   .182770E+04
 14   .304667E+03   .797183E+03   .285440E+03   .195283E+04
 15   .305000E+03   .784853E+03   .284599E+03   .207081E+04
 16   .305333E+03   .772524E+03   .283727E+03   .219184E+04
 17   .305667E+03   .759921E+03   .282766E+03   .232176E+04
 18   .306000E+03   .746789E+03   .281660E+03   .246644E+04
 19   .306333E+03   .733084E+03   .280423E+03   .262444E+04
 20   .306667E+03   .718806E+03   .279095E+03   .279141E+04
 21   .307000E+03   .704142E+03   .277722E+03   .296294E+04
 22   .307333E+03   .689291E+03   .276330E+03   .313614E+04
 23   .307667E+03   .674314E+03   .274892E+03   .331393E+04
 24   .308000E+03   .659257E+03   .273421E+03   .349485E+04
 25   .308333E+03   .644131E+03   .271903E+03   .368039E+04
 26   .308667E+03   .628945E+03   .270338E+03   .387055E+04
 27   .309000E+03   .613709E+03   .268740E+03   .406386E+04
 28   .309333E+03   .598428E+03   .267109E+03   .426034E+04
 29   .309667E+03   .583107E+03   .265416E+03   .446295E+04
 30   .310000E+03   .567751E+03   .263676E+03   .467022E+04
 31   .310333E+03   .552363E+03   .261902E+03   .488067E+04
 32   .310667E+03   .536948E+03   .260065E+03   .509729E+04
 33   .311000E+03   .521507E+03   .258181E+03   .531859E+04
 34   .311333E+03   .506042E+03   .256248E+03   .554459E+04
 35   .311667E+03   .490557E+03   .254253E+03   .577679E+04
 36   .312000E+03   .475052E+03   .252208E+03   .601371E+04
 37   .312333E+03   .459529E+03   .250086E+03   .625834E+04
 38   .312667E+03   .443990E+03   .247901E+03   .650920E+04
 39   .313000E+03   .428437E+03   .245652E+03   .676631E+04
 40   .313333E+03   .412869E+03   .243309E+03   .703267E+04
 41   .313667E+03   .397289E+03   .240917E+03   .730381E+04
 42   .314000E+03   .381698E+03   .238432E+03   .758423E+04
 43   .314333E+03   .366095E+03   .235853E+03   .787396E+04
 44   .314667E+03   .350483E+03   .233179E+03   .817302E+04
 45   .315000E+03   .334861E+03   .230397E+03   .848292E+04
 46   .315333E+03   .319231E+03   .227519E+03   .880218E+04
 47   .315667E+03   .303593E+03   .224518E+03   .913385E+04
 48   .316000E+03   .287947E+03   .221376E+03   .947944E+04
 49   .316333E+03   .272295E+03   .218095E+03   .983900E+04
 50   .316667E+03   .256635E+03   .214658E+03   .102141E+05
 51   .317000E+03   .240970E+03   .211050E+03   .106062E+05
 52   .317333E+03   .225299E+03   .207243E+03   .110184E+05
 53   .317667E+03   .209622E+03   .203233E+03   .114508E+05
 54   .318000E+03   .193939E+03   .198978E+03   .119079E+05
 55   .318333E+03   .178251E+03   .194430E+03   .123944E+05
 56   .318667E+03   .162557E+03   .189590E+03   .129103E+05
 57   .319000E+03   .146856E+03   .184352E+03   .134664E+05
 58   .319333E+03   .131148E+03   .178671E+03   .140673E+05
 59   .319667E+03   .115430E+03   .172455E+03   .147223E+05
 60   .320000E+03   .100000E+03   .165911E+03   .154100E+05
 -100.0
 30.0
  0   .300000E+03   .999906E+03   .299893E+03   .482607E+01
  1   .300333E+03   .983250E+03   .298725E+03   .158295E+03
  2   .300667E+03   .966595E+03   .297555E+03   .311933E+03
  3   .301000E+03   .949941E+03   .296367E+03   .467181E+03
  4   .301333E+03   .933287E+03   .295134E+03   .626918E+03
  5   .301667E+03   .916629E+03   .293911E+03   .785388E+03
  6   .302000E+03   .899997E+03   .292642E+03   .948366E+03
  7   .302333E+03   .883701E+03   .291370E+03   .111152E+04
  8   .302667E+03   .868493E+03   .290208E+03   .126328E+04
  9   .303000E+03   .855221E+03   .289198E+03   .139930E+04
 10   .303333E+03   .844423E+03   .288397E+03   .151373E+04
 11   .303667E+03   .836218E+03   .287877E+03   .159928E+04
 12   .304000E+03   .830263E+03   .287569E+03   .166316E+04
 13   .304333E+03   .825840E+03   .287401E+03   .171257E+04
 14   .304667E+03   .821956E+03   .287303E+03   .175477E+04
 15   .305000E+03   .817527E+03   .287119E+03   .180575E+04
 16   .305333E+03   .811564E+03   .286792E+03   .187137E+04
 17   .305667E+03   .803340E+03   .286234E+03   .196043E+04
 18   .306000E+03   .792524E+03   .285375E+03   .208027E+04
 19   .306333E+03   .779227E+03   .284256E+03   .222657E+04
 20   .306667E+03   .764003E+03   .282904E+03   .239646E+04
 21   .307000E+03   .747703E+03   .281391E+03   .258266E+04
 22   .307333E+03   .731073E+03   .279817E+03   .277494E+04
 23   .307667E+03   .714424E+03   .278210E+03   .297036E+04
 24   .308000E+03   .697779E+03   .276585E+03   .316746E+04
 25   .308333E+03   .681137E+03   .274897E+03   .337067E+04
 26   .308667E+03   .664496E+03   .273163E+03   .357852E+04
 27   .309000E+03   .647858E+03   .271409E+03   .378807E+04
 28   .309333E+03   .631221E+03   .269622E+03   .400080E+04
 29   .309667E+03   .614586E+03   .267787E+03   .421820E+04
 30   .310000E+03   .597953E+03   .265905E+03   .444027E+04
 31   .310333E+03   .581322E+03   .263974E+03   .466702E+04
 32   .310667E+03   .564692E+03   .261980E+03   .489996E+04
 33   .311000E+03   .548065E+03   .259952E+03   .513612E+04
 34   .311333E+03   .531439E+03   .257876E+03   .537699E+04
 35   .311667E+03   .514816E+03   .255751E+03   .562258E+04
 36   .312000E+03   .498194E+03   .253563E+03   .587440E+04
 37   .312333E+03   .481574E+03   .251297E+03   .613394E+04
 38   .312667E+03   .464955E+03   .248981E+03   .639824E+04
 39   .313000E+03   .448339E+03   .246616E+03   .666731E+04
 40   .313333E+03   .431725E+03   .244158E+03   .694564E+04
 41   .313667E+03   .415112E+03   .241635E+03   .723026E+04
 42   .314000E+03   .398501E+03   .239018E+03   .752418E+04
 43   .314333E+03   .381892E+03   .236337E+03   .782442E+04
 44   .314667E+03   .365285E+03   .233561E+03   .813400E+04
 45   .315000E+03   .348680E+03   .230676E+03   .845442E+04
 46   .315333E+03   .332076E+03   .227681E+03   .878574E+04
 47   .315667E+03   .315473E+03   .224591E+03   .912644E+04
 48   .316000E+03   .298873E+03   .221391E+03   .947808E+04
 49   .316333E+03   .282273E+03   .218021E+03   .984670E+04
 50   .316667E+03   .265675E+03   .214525E+03   .102278E+05
 51   .317000E+03   .249079E+03   .210888E+03   .106230E+05
 52   .317333E+03   .232483E+03   .207035E+03   .110397E+05
 53   .317667E+03   .215887E+03   .202981E+03   .114767E+05
 54   .318000E+03   .199292E+03   .198696E+03   .119368E+05
 55   .318333E+03   .182697E+03   .194148E+03   .124233E+05
 56   .318667E+03   .166101E+03   .189308E+03   .129393E+05
 57   .319000E+03   .149503E+03   .184129E+03   .134892E+05
 58   .319333E+03   .132903E+03   .178477E+03   .140871E+05
 59   .319667E+03   .116291E+03   .172320E+03   .147359E+05
 60   .320000E+03   .100000E+03   .166061E+03   .153946E+05
 15.0
  0   .300000E+03   .999880E+03   .299178E+03   .419534E+02
  1   .300333E+03   .982810E+03   .297267E+03   .271439E+03
  2   .300667E+03   .965740E+03   .295365E+03   .499742E+03
  3   .301000E+03   .948662E+03   .293683E+03   .705288E+03
  4   .301333E+03   .931573E+03   .292193E+03   .890928E+03
  5   .301667E+03   .914452E+03   .291249E+03   .102055E+04
  6   .302000E+03   .897330E+03   .290767E+03   .110277E+04
  7   .302333E+03   .880535E+03   .291413E+03   .106949E+04
  8   .302667E+03   .864839E+03   .293091E+03   .930740E+03
  9   .303000E+03   .851110E+03   .296582E+03   .606494E+03
 10   .303333E+03   .839911E+03   .301185E+03   .169062E+03
 11   .303667E+03   .831377E+03   .306705E+03  -.361817E+03
 12   .304000E+03   .825147E+03   .312251E+03  -.894527E+03
 13   .304333E+03   .820532E+03   .317339E+03  -.138004E+04
 14   .304667E+03   .816463E+03   .321669E+03  -.178732E+04
 15   .305000E+03   .811829E+03   .324756E+03  -.206703E+04
 16   .305333E+03   .805620E+03   .326479E+03  -.220689E+04
 17   .305667E+03   .797097E+03   .326165E+03  -.213829E+04
 18   .306000E+03   .785940E+03   .323792E+03  -.185904E+04
 19   .306333E+03   .772279E+03   .318709E+03  -.130310E+04
 20   .306667E+03   .756698E+03   .311582E+03  -.538516E+03
 21   .307000E+03   .740074E+03   .301888E+03   .487834E+03
 22   .307333E+03   .723168E+03   .291798E+03   .155337E+04
 23   .307667E+03   .706294E+03   .281341E+03   .265542E+04
 24   .308000E+03   .689476E+03   .269524E+03   .389542E+04
 25   .308333E+03   .672708E+03   .257392E+03   .516619E+04
 26   .308667E+03   .655985E+03   .245522E+03   .640885E+04
 27   .309000E+03   .639306E+03   .234448E+03   .756871E+04
 28   .309333E+03   .622667E+03   .223392E+03   .872546E+04
 29   .309667E+03   .606066E+03   .212616E+03   .985232E+04
 30   .310000E+03   .589500E+03   .202743E+03   .108857E+05
 31   .310333E+03   .572966E+03   .193615E+03   .118416E+05
 32   .310667E+03   .556462E+03   .185135E+03   .127303E+05
 33   .311000E+03   .539986E+03   .177508E+03   .135308E+05
 34   .311333E+03   .523534E+03   .170546E+03   .142623E+05
 35   .311667E+03   .507105E+03   .164428E+03   .149068E+05
 36   .312000E+03   .490697E+03   .158938E+03   .154864E+05
 37   .312333E+03   .474308E+03   .154222E+03   .159860E+05
 38   .312667E+03   .457936E+03   .150066E+03   .164281E+05
 39   .313000E+03   .441580E+03   .146616E+03   .167972E+05
 40   .313333E+03   .425237E+03   .143657E+03   .171160E+05
 41   .313667E+03   .408907E+03   .141291E+03   .173736E+05
 42   .314000E+03   .392589E+03   .139300E+03   .175926E+05
 43   .314333E+03   .376280E+03   .137878E+03   .177531E+05
 44   .314667E+03   .359980E+03   .136761E+03   .178824E+05
 45   .315000E+03   .343689E+03   .136067E+03   .179681E+05
 46   .315333E+03   .327404E+03   .135681E+03   .180224E+05
 47   .315667E+03   .311125E+03   .135633E+03   .180419E+05
 48   .316000E+03   .294852E+03   .135791E+03   .180404E+05
 49   .316333E+03   .278583E+03   .136304E+03   .180026E+05
 50   .316667E+03   .262318E+03   .136994E+03   .179467E+05
 51   .317000E+03   .246055E+03   .138012E+03   .178573E+05
 52   .317333E+03   .229795E+03   .139135E+03   .177573E+05
 53   .317667E+03   .213536E+03   .140675E+03   .176146E+05
 54   .318000E+03   .197279E+03   .142352E+03   .174583E+05
 55   .318333E+03   .181020E+03   .144522E+03   .172514E+05
 56   .318667E+03   .164761E+03   .146905E+03   .170233E+05
 57   .319000E+03   .148500E+03   .150067E+03   .167153E+05
 58   .319333E+03   .132234E+03   .153698E+03   .163601E+05
 59   .319667E+03   .115961E+03   .158724E+03   .158622E+05
 60   .320000E+03   .100000E+03   .168108E+03   .149193E+05
 .0
  0   .300000E+03   .100002E+04   .300033E+03  -.321101E+01
  1   .300333E+03   .985070E+03   .299048E+03   .131612E+03
  2   .300667E+03   .970128E+03   .298074E+03   .265147E+03
  3   .301000E+03   .955210E+03   .297084E+03   .400271E+03
  4   .301333E+03   .940330E+03   .296062E+03   .538421E+03
  5   .301667E+03   .925519E+03   .295052E+03   .675282E+03
  6   .302000E+03   .910785E+03   .294010E+03   .815182E+03
  7   .302333E+03   .896233E+03   .292923E+03   .959566E+03
  8   .302667E+03   .882028E+03   .291847E+03   .110266E+04
  9   .303000E+03   .868359E+03   .290796E+03   .124302E+04
 10   .303333E+03   .855359E+03   .289771E+03   .138064E+04
 11   .303667E+03   .843000E+03   .288870E+03   .150535E+04
 12   .304000E+03   .831226E+03   .288094E+03   .161714E+04
 13   .304333E+03   .819819E+03   .287430E+03   .171742E+04
 14   .304667E+03   .808550E+03   .286820E+03   .181200E+04
 15   .305000E+03   .797145E+03   .286137E+03   .191396E+04
 16   .305333E+03   .785341E+03   .285309E+03   .203062E+04
 17   .305667E+03   .772972E+03   .284293E+03   .216638E+04
 18   .306000E+03   .759899E+03   .283146E+03   .231544E+04
 19   .306333E+03   .746163E+03   .281881E+03   .247637E+04
 20   .306667E+03   .731835E+03   .280542E+03   .264479E+04
 21   .307000E+03   .717104E+03   .279184E+03   .281487E+04
 22   .307333E+03   .702160E+03   .277794E+03   .298806E+04
 23   .307667E+03   .687062E+03   .276357E+03   .316585E+04
 24   .308000E+03   .671857E+03   .274888E+03   .334677E+04
 25   .308333E+03   .656559E+03   .273386E+03   .353084E+04
 26   .308667E+03   .641180E+03   .271837E+03   .371952E+04
 27   .309000E+03   .625730E+03   .270226E+03   .391432E+04
 28   .309333E+03   .610218E+03   .268582E+03   .411227E+04
 29   .309667E+03   .594651E+03   .266905E+03   .431340E+04
 30   .310000E+03   .579035E+03   .265166E+03   .452067E+04
 31   .310333E+03   .563374E+03   .263365E+03   .473409E+04
 32   .310667E+03   .547673E+03   .261530E+03   .495070E+04
 33   .311000E+03   .531936E+03   .259647E+03   .517201E+04
 34   .311333E+03   .516165E+03   .257702E+03   .539950E+04
 35   .311667E+03   .500364E+03   .255693E+03   .563318E+04
 36   .312000E+03   .484535E+03   .253621E+03   .587308E+04
 37   .312333E+03   .468681E+03   .251501E+03   .611771E+04
 38   .312667E+03   .452803E+03   .249288E+03   .637156E+04
 39   .313000E+03   .436903E+03   .247011E+03   .663165E+04
 40   .313333E+03   .420983E+03   .244684E+03   .689652E+04
 41   .313667E+03   .405044E+03   .242250E+03   .717215E+04
 42   .314000E+03   .389087E+03   .239737E+03   .745557E+04
 43   .314333E+03   .373114E+03   .237130E+03   .774831E+04
 44   .314667E+03   .357126E+03   .234428E+03   .805037E+04
 45   .315000E+03   .341123E+03   .231632E+03   .836177E+04
 46   .315333E+03   .325106E+03   .228697E+03   .868706E+04
 47   .315667E+03   .309077E+03   .225652E+03   .902325E+04
 48   .316000E+03   .293035E+03   .222483E+03   .937187E+04
 49   .316333E+03   .276982E+03   .219173E+03   .973445E+04
 50   .316667E+03   .260917E+03   .215678E+03   .101156E+05
 51   .317000E+03   .244842E+03   .212012E+03   .105137E+05
 52   .317333E+03   .228756E+03   .208161E+03   .109305E+05
 53   .317667E+03   .212661E+03   .204064E+03   .113720E+05
 54   .318000E+03   .196555E+03   .199735E+03   .118367E+05
 55   .318333E+03   .180439E+03   .195114E+03   .123308E+05
 56   .318667E+03   .164312E+03   .190170E+03   .128574E+05
 57   .319000E+03   .148174E+03   .184829E+03   .134241E+05
 58   .319333E+03   .132024E+03   .178999E+03   .140403E+05
 59   .319667E+03   .115861E+03   .172634E+03   .147105E+05
 60   .320000E+03   .100000E+03   .165986E+03   .154089E+05
 -100.0
