 30.0
  0   .300000E+03   .999879E+03   .299851E+03   .472732E+01
  1   .300333E+03   .983058E+03   .298613E+03   .165367E+03
  2   .300667E+03   .966238E+03   .297387E+03   .324748E+03
  3   .301000E+03   .949419E+03   .296156E+03   .484308E+03
  4   .301333E+03   .932601E+03   .294866E+03   .649802E+03
  5   .301667E+03   .915776E+03   .293587E+03   .814034E+03
  6   .302000E+03   .898982E+03   .292290E+03   .979896E+03
  7   .302333E+03   .882556E+03   .290989E+03   .114593E+04
  8   .302667E+03   .867328E+03   .289812E+03   .129915E+04
  9   .303000E+03   .854228E+03   .288802E+03   .143516E+04
 10   .303333E+03   .843850E+03   .288043E+03   .154525E+04
 11   .303667E+03   .836323E+03   .287566E+03   .162645E+04
 12   .304000E+03   .831271E+03   .287356E+03   .168016E+04
 13   .304333E+03   .827905E+03   .287302E+03   .171795E+04
 14   .304667E+03   .825131E+03   .287275E+03   .175287E+04
 15   .305000E+03   .821760E+03   .287219E+03   .179074E+04
 16   .305333E+03   .816702E+03   .286991E+03   .184616E+04
 17   .305667E+03   .809155E+03   .286477E+03   .193083E+04
 18   .306000E+03   .798758E+03   .285646E+03   .204775E+04
 19   .306333E+03   .785632E+03   .284527E+03   .219405E+04
 20   .306667E+03   .770387E+03   .283176E+03   .236395E+04
 21   .307000E+03   .753958E+03   .281649E+03   .255161E+04
 22   .307333E+03   .737166E+03   .280032E+03   .274829E+04
 23   .307667E+03   .720352E+03   .278397E+03   .294665E+04
 24   .308000E+03   .703544E+03   .276743E+03   .314670E+04
 25   .308333E+03   .686739E+03   .275012E+03   .335432E+04
 26   .308667E+03   .669935E+03   .273263E+03   .356364E+04
 27   .309000E+03   .653134E+03   .271495E+03   .377467E+04
 28   .309333E+03   .636334E+03   .269665E+03   .399183E+04
 29   .309667E+03   .619537E+03   .267787E+03   .421367E+04
 30   .310000E+03   .602741E+03   .265876E+03   .443870E+04
 31   .310333E+03   .585948E+03   .263930E+03   .466694E+04
 32   .310667E+03   .569156E+03   .261907E+03   .490284E+04
 33   .311000E+03   .552367E+03   .259865E+03   .514048E+04
 34   .311333E+03   .535580E+03   .257760E+03   .538433E+04
 35   .311667E+03   .518795E+03   .255606E+03   .563289E+04
 36   .312000E+03   .502011E+03   .253388E+03   .588769E+04
 37   .312333E+03   .485230E+03   .251093E+03   .615022E+04
 38   .312667E+03   .468451E+03   .248762E+03   .641601E+04
 39   .313000E+03   .451674E+03   .246368E+03   .668807E+04
 40   .313333E+03   .434899E+03   .243880E+03   .696940E+04
 41   .313667E+03   .418126E+03   .241342E+03   .725551E+04
 42   .314000E+03   .401355E+03   .238725E+03   .754944E+04
 43   .314333E+03   .384586E+03   .236014E+03   .785267E+04
 44   .314667E+03   .367819E+03   .233223E+03   .816375E+04
 45   .315000E+03   .351053E+03   .230323E+03   .848569E+04
 46   .315333E+03   .334290E+03   .227328E+03   .881700E+04
 47   .315667E+03   .317528E+03   .224238E+03   .915771E+04
 48   .316000E+03   .300768E+03   .221022E+03   .951085E+04
 49   .316333E+03   .284010E+03   .217666E+03   .987796E+04
 50   .316667E+03   .267253E+03   .214170E+03   .102591E+05
 51   .317000E+03   .250497E+03   .210518E+03   .106557E+05
 52   .317333E+03   .233743E+03   .206665E+03   .110725E+05
 53   .317667E+03   .216989E+03   .202655E+03   .115049E+05
 54   .318000E+03   .200236E+03   .198399E+03   .119620E+05
 55   .318333E+03   .183482E+03   .193895E+03   .124439E+05
 56   .318667E+03   .166728E+03   .189069E+03   .129584E+05
 57   .319000E+03   .149972E+03   .183906E+03   .135068E+05
 58   .319333E+03   .133213E+03   .178313E+03   .140986E+05
 59   .319667E+03   .116443E+03   .172246E+03   .147382E+05
 60   .320000E+03   .100000E+03   .166121E+03   .153832E+05
 15.0
  0   .300000E+03   .999829E+03   .299010E+03   .507836E+02
  1   .300333E+03   .982544E+03   .296987E+03   .291743E+03
  2   .300667E+03   .965259E+03   .294944E+03   .534407E+03
  3   .301000E+03   .947965E+03   .293191E+03   .747135E+03
  4   .301333E+03   .930655E+03   .291715E+03   .931336E+03
  5   .301667E+03   .913309E+03   .290911E+03   .104655E+04
  6   .302000E+03   .895962E+03   .290697E+03   .110136E+04
  7   .302333E+03   .878983E+03   .291893E+03   .101176E+04
  8   .302667E+03   .863210E+03   .294376E+03   .790619E+03
  9   .303000E+03   .849608E+03   .298945E+03   .356381E+03
 10   .303333E+03   .838798E+03   .304683E+03  -.196926E+03
 11   .303667E+03   .830931E+03   .311256E+03  -.835130E+03
 12   .304000E+03   .825610E+03   .317673E+03  -.145638E+04
 13   .304333E+03   .822074E+03   .323335E+03  -.200003E+04
 14   .304667E+03   .819140E+03   .328028E+03  -.244367E+04
 15   .305000E+03   .815581E+03   .331420E+03  -.275398E+04
 16   .305333E+03   .810282E+03   .333407E+03  -.292007E+04
 17   .305667E+03   .802425E+03   .333215E+03  -.286316E+04
 18   .306000E+03   .791660E+03   .330735E+03  -.257220E+04
 19   .306333E+03   .778131E+03   .325160E+03  -.196505E+04
 20   .306667E+03   .762485E+03   .317123E+03  -.110672E+04
 21   .307000E+03   .745689E+03   .305915E+03   .750557E+02
 22   .307333E+03   .728583E+03   .294395E+03   .128735E+04
 23   .307667E+03   .711514E+03   .282361E+03   .255105E+04
 24   .308000E+03   .694507E+03   .268431E+03   .400728E+04
 25   .308333E+03   .677554E+03   .254254E+03   .548714E+04
 26   .308667E+03   .660654E+03   .240435E+03   .692880E+04
 27   .309000E+03   .643802E+03   .227509E+03   .827754E+04
 28   .309333E+03   .626995E+03   .214583E+03   .962487E+04
 29   .309667E+03   .610230E+03   .201946E+03   .109410E+05
 30   .310000E+03   .593504E+03   .190455E+03   .121387E+05
 31   .310333E+03   .576814E+03   .179909E+03   .132384E+05
 32   .310667E+03   .560157E+03   .170109E+03   .142606E+05
 33   .311000E+03   .543530E+03   .161361E+03   .151740E+05
 34   .311333E+03   .526931E+03   .153409E+03   .160051E+05
 35   .311667E+03   .510357E+03   .146443E+03   .167344E+05
 36   .312000E+03   .493806E+03   .140249E+03   .173841E+05
 37   .312333E+03   .477277E+03   .135047E+03   .179314E+05
 38   .312667E+03   .460766E+03   .130490E+03   .184123E+05
 39   .313000E+03   .444273E+03   .126786E+03   .188053E+05
 40   .313333E+03   .427795E+03   .123688E+03   .191361E+05
 41   .313667E+03   .411331E+03   .121330E+03   .193906E+05
 42   .314000E+03   .394879E+03   .119465E+03   .195947E+05
 43   .314333E+03   .378439E+03   .118242E+03   .197327E+05
 44   .314667E+03   .362008E+03   .117427E+03   .198289E+05
 45   .315000E+03   .345586E+03   .117154E+03   .198694E+05
 46   .315333E+03   .329172E+03   .117234E+03   .198740E+05
 47   .315667E+03   .312765E+03   .117785E+03   .198302E+05
 48   .316000E+03   .296363E+03   .118603E+03   .197594E+05
 49   .316333E+03   .279967E+03   .119851E+03   .196444E+05
 50   .316667E+03   .263574E+03   .121337E+03   .195054E+05
 51   .317000E+03   .247185E+03   .123271E+03   .193206E+05
 52   .317333E+03   .230798E+03   .125386E+03   .191176E+05
 53   .317667E+03   .214413E+03   .128009E+03   .188626E+05
 54   .318000E+03   .198029E+03   .130875E+03   .185833E+05
 55   .318333E+03   .181645E+03   .134386E+03   .182380E+05
 56   .318667E+03   .165260E+03   .138217E+03   .178608E+05
 57   .319000E+03   .148873E+03   .143067E+03   .173791E+05
 58   .319333E+03   .132481E+03   .148569E+03   .168318E+05
 59   .319667E+03   .116082E+03   .155903E+03   .160972E+05
 60   .320000E+03   .100000E+03   .168601E+03   .148150E+05
 .0
  0   .300000E+03   .999979E+03   .300019E+03  -.209926E+01
  1   .300333E+03   .985049E+03   .299048E+03   .131290E+03
  2   .300667E+03   .970123E+03   .298060E+03   .266262E+03
  3   .301000E+03   .955223E+03   .297084E+03   .399946E+03
  4   .301333E+03   .940365E+03   .296076E+03   .536659E+03
  5   .301667E+03   .925583E+03   .295052E+03   .674960E+03
  6   .302000E+03   .910884E+03   .294010E+03   .814860E+03
  7   .302333E+03   .896385E+03   .292923E+03   .959244E+03
  8   .302667E+03   .882267E+03   .291833E+03   .110379E+04
  9   .303000E+03   .868735E+03   .290768E+03   .124559E+04
 10   .303333E+03   .855935E+03   .289757E+03   .138176E+04
 11   .303667E+03   .843835E+03   .288870E+03   .150503E+04
 12   .304000E+03   .832375E+03   .288137E+03   .161246E+04
 13   .304333E+03   .821314E+03   .287572E+03   .170256E+04
 14   .304667E+03   .810403E+03   .287047E+03   .178841E+04
 15   .305000E+03   .799344E+03   .286422E+03   .188454E+04
 16   .305333E+03   .787847E+03   .285651E+03   .199537E+04
 17   .305667E+03   .775732E+03   .284664E+03   .212822E+04
 18   .306000E+03   .762848E+03   .283503E+03   .227874E+04
 19   .306333E+03   .749238E+03   .282239E+03   .243967E+04
 20   .306667E+03   .734980E+03   .280914E+03   .260663E+04
 21   .307000E+03   .720279E+03   .279542E+03   .277816E+04
 22   .307333E+03   .705345E+03   .278153E+03   .295136E+04
 23   .307667E+03   .690243E+03   .276730E+03   .312768E+04
 24   .308000E+03   .675022E+03   .275262E+03   .330860E+04
 25   .308333E+03   .659698E+03   .273746E+03   .349414E+04
 26   .308667E+03   .644285E+03   .272197E+03   .368282E+04
 27   .309000E+03   .628795E+03   .270615E+03   .387467E+04
 28   .309333E+03   .613235E+03   .268958E+03   .407410E+04
 29   .309667E+03   .597614E+03   .267267E+03   .427671E+04
 30   .310000E+03   .581939E+03   .265543E+03   .448250E+04
 31   .310333E+03   .566215E+03   .263756E+03   .469443E+04
 32   .310667E+03   .550446E+03   .261922E+03   .491105E+04
 33   .311000E+03   .534637E+03   .260025E+03   .513384E+04
 34   .311333E+03   .518791E+03   .258065E+03   .536281E+04
 35   .311667E+03   .502911E+03   .256057E+03   .559650E+04
 36   .312000E+03   .487001E+03   .253986E+03   .583639E+04
 37   .312333E+03   .471062E+03   .251851E+03   .608251E+04
 38   .312667E+03   .455097E+03   .249653E+03   .633487E+04
 39   .313000E+03   .439108E+03   .247376E+03   .659497E+04
 40   .313333E+03   .423097E+03   .245035E+03   .686133E+04
 41   .313667E+03   .407065E+03   .242602E+03   .713696E+04
 42   .314000E+03   .391013E+03   .240074E+03   .742188E+04
 43   .314333E+03   .374943E+03   .237452E+03   .771612E+04
 44   .314667E+03   .358856E+03   .234751E+03   .801818E+04
 45   .315000E+03   .342753E+03   .231941E+03   .833109E+04
 46   .315333E+03   .326635E+03   .229006E+03   .865638E+04
 47   .315667E+03   .310503E+03   .225962E+03   .899257E+04
 48   .316000E+03   .294357E+03   .222763E+03   .934420E+04
 49   .316333E+03   .278198E+03   .219439E+03   .970829E+04
 50   .316667E+03   .262027E+03   .215944E+03   .100894E+05
 51   .317000E+03   .245845E+03   .212249E+03   .104906E+05
 52   .317333E+03   .229651E+03   .208383E+03   .109089E+05
 53   .317667E+03   .213446E+03   .204286E+03   .113504E+05
 54   .318000E+03   .197229E+03   .199943E+03   .118166E+05
 55   .318333E+03   .181002E+03   .195292E+03   .123138E+05
 56   .318667E+03   .164764E+03   .190304E+03   .128449E+05
 57   .319000E+03   .148513E+03   .184948E+03   .134132E+05
 58   .319333E+03   .132249E+03   .179103E+03   .140308E+05
 59   .319667E+03   .115972E+03   .172679E+03   .147072E+05
 60   .320000E+03   .100000E+03   .165926E+03   .154163E+05
 -100.0
