 600.         pmin for plot
 3000.        sigma0
 30.0
  0   .300000E+03   .100000E+04   .000000E+00   .499949E+00
  1   .300333E+03   .989988E+03   .000000E+00   .499949E+00
  2   .300667E+03   .979988E+03   .000000E+00   .499949E+00
  3   .301000E+03   .969988E+03   .000000E+00   .499949E+00
  4   .301333E+03   .959988E+03   .000000E+00   .499949E+00
  5   .301667E+03   .949988E+03   .000000E+00   .499949E+00
  6   .302000E+03   .939985E+03   .000000E+00   .749946E+00
  7   .302333E+03   .929990E+03   .000000E+00   .749889E+00
  8   .302667E+03   .920281E+03   .000000E+00   .749889E+00
  9   .303000E+03   .911597E+03   .000000E+00   .749946E+00
 10   .303333E+03   .904576E+03   .000000E+00   .749889E+00
 11   .303667E+03   .899203E+03   .000000E+00   .749889E+00
 12   .304000E+03   .895038E+03   .000000E+00   .749946E+00
 13   .304333E+03   .891598E+03   .000000E+00   .749889E+00
 14   .304667E+03   .888440E+03   .000000E+00   .749889E+00
 15   .305000E+03   .885109E+03   .000000E+00   .749946E+00
 16   .305333E+03   .881074E+03   .000000E+00   .749889E+00
 17   .305667E+03   .875727E+03   .000000E+00   .749889E+00
 18   .306000E+03   .868588E+03   .000000E+00   .749946E+00
 19   .306333E+03   .859758E+03   .000000E+00   .749889E+00
 20   .306667E+03   .849988E+03   .000000E+00   .749889E+00
 21   .307000E+03   .839988E+03   .000000E+00   .499949E+00
 22   .307333E+03   .829986E+03   .000000E+00   .499949E+00
 23   .307667E+03   .819986E+03   .000000E+00   .499949E+00
 24   .308000E+03   .809985E+03   .000000E+00   .499949E+00
 25   .308333E+03   .799985E+03   .000000E+00   .499949E+00
 26   .308667E+03   .789985E+03   .000000E+00   .499949E+00
 27   .309000E+03   .779985E+03   .000000E+00   .499949E+00
 28   .309333E+03   .769985E+03   .000000E+00   .499949E+00
 29   .309667E+03   .759984E+03   .000000E+00   .499949E+00
 30   .310000E+03   .749984E+03   .000000E+00   .499949E+00
 31   .310333E+03   .739984E+03   .000000E+00   .499949E+00
 32   .310667E+03   .729984E+03   .000000E+00   .499949E+00
 33   .311000E+03   .719984E+03   .000000E+00   .499949E+00
 34   .311333E+03   .709983E+03   .000000E+00   .499949E+00
 35   .311667E+03   .699983E+03   .000000E+00   .499949E+00
 36   .312000E+03   .689983E+03   .000000E+00   .499949E+00
 37   .312333E+03   .679983E+03   .000000E+00   .499949E+00
 38   .312667E+03   .669982E+03   .000000E+00   .499949E+00
 39   .313000E+03   .659982E+03   .000000E+00   .499949E+00
 40   .313333E+03   .649982E+03   .000000E+00   .499949E+00
 41   .313667E+03   .639981E+03   .000000E+00   .499949E+00
 42   .314000E+03   .629981E+03   .000000E+00   .499949E+00
 43   .314333E+03   .619981E+03   .000000E+00   .499949E+00
 44   .314667E+03   .609981E+03   .000000E+00   .499949E+00
 45   .315000E+03   .599980E+03   .000000E+00   .499949E+00
 46   .315333E+03   .589980E+03   .000000E+00   .499949E+00
 47   .315667E+03   .579979E+03   .000000E+00   .499949E+00
 48   .316000E+03   .569979E+03   .000000E+00   .499949E+00
 49   .316333E+03   .559979E+03   .000000E+00   .499949E+00
 50   .316667E+03   .549978E+03   .000000E+00   .499949E+00
 51   .317000E+03   .539978E+03   .000000E+00   .499949E+00
 52   .317333E+03   .529978E+03   .000000E+00   .499949E+00
 53   .317667E+03   .519977E+03   .000000E+00   .499949E+00
 54   .318000E+03   .509977E+03   .000000E+00   .499949E+00
 55   .318333E+03   .499976E+03   .000000E+00   .499949E+00
 56   .318667E+03   .489976E+03   .000000E+00   .499949E+00
 57   .319000E+03   .479975E+03   .000000E+00   .499949E+00
 58   .319333E+03   .469975E+03   .000000E+00   .499949E+00
 59   .319667E+03   .459974E+03   .000000E+00   .499949E+00
 60   .320000E+03   .450000E+03   .000000E+00   .499949E+00
 30.0
  0   .300000E+03   .999507E+03   .835252E-09   .500138E+00
  1   .300333E+03   .989893E+03   .827863E-09   .500138E+00
  2   .300667E+03   .979864E+03   .799855E-09   .500139E+00
  3   .301000E+03   .969839E+03   .753281E-09   .500141E+00
  4   .301333E+03   .959809E+03   .681521E-09   .500143E+00
  5   .301667E+03   .949921E+03   .586520E-09   .500145E+00
  6   .302000E+03   .940507E+03   .457716E-09   .750246E+00
  7   .302333E+03   .931493E+03   .318411E-09   .750191E+00
  8   .302667E+03   .922625E+03   .173975E-09   .750195E+00
  9   .303000E+03   .914269E+03  -.165975E-09   .750256E+00
 10   .303333E+03   .906901E+03  -.270338E-09   .750203E+00
 11   .303667E+03   .900543E+03  -.388879E-09   .750207E+00
 12   .304000E+03   .894976E+03  -.518719E-09   .750270E+00
 13   .304333E+03   .889934E+03  -.657672E-09   .750218E+00
 14   .304667E+03   .885151E+03  -.922513E-09   .750223E+00
 15   .305000E+03   .880342E+03  -.121004E-08   .750286E+00
 16   .305333E+03   .875163E+03  -.145957E-08   .750235E+00
 17   .305667E+03   .869241E+03  -.169730E-08   .750242E+00
 18   .306000E+03   .862263E+03  -.192738E-08   .750305E+00
 19   .306333E+03   .854298E+03  -.215432E-08   .750254E+00
 20   .306667E+03   .845612E+03  -.237298E-08   .750261E+00
 21   .307000E+03   .836240E+03  -.260533E-08   .500200E+00
 22   .307333E+03   .826415E+03  -.274437E-08   .500205E+00
 23   .307667E+03   .816490E+03  -.289070E-08   .500210E+00
 24   .308000E+03   .806451E+03  -.302202E-08   .500215E+00
 25   .308333E+03   .796318E+03  -.314711E-08   .500219E+00
 26   .308667E+03   .786285E+03  -.326050E-08   .500223E+00
 27   .309000E+03   .776458E+03  -.336885E-08   .500228E+00
 28   .309333E+03   .766850E+03  -.346780E-08   .500232E+00
 29   .309667E+03   .757415E+03  -.356280E-08   .500236E+00
 30   .310000E+03   .748079E+03  -.365007E-08   .500239E+00
 31   .310333E+03   .738774E+03  -.373417E-08   .500243E+00
 32   .310667E+03   .729422E+03  -.381173E-08   .500247E+00
 33   .311000E+03   .719954E+03  -.388672E-08   .500250E+00
 34   .311333E+03   .710310E+03  -.395604E-08   .500253E+00
 35   .311667E+03   .700449E+03  -.402325E-08   .500257E+00
 36   .312000E+03   .690367E+03  -.408540E-08   .500260E+00
 37   .312333E+03   .680095E+03  -.414579E-08   .500263E+00
 38   .312667E+03   .669776E+03  -.420159E-08   .500265E+00
 39   .313000E+03   .659605E+03  -.425584E-08   .500268E+00
 40   .313333E+03   .649585E+03  -.430583E-08   .500271E+00
 41   .313667E+03   .639602E+03  -.435440E-08   .500274E+00
 42   .314000E+03   .629617E+03  -.439896E-08   .500276E+00
 43   .314333E+03   .619635E+03  -.444221E-08   .500279E+00
 44   .314667E+03   .609652E+03  -.448162E-08   .500281E+00
 45   .315000E+03   .599670E+03  -.451980E-08   .500283E+00
 46   .315333E+03   .589688E+03  -.455426E-08   .500285E+00
 47   .315667E+03   .579707E+03  -.458753E-08   .500287E+00
 48   .316000E+03   .569726E+03  -.461717E-08   .500289E+00
 49   .316333E+03   .559745E+03  -.464567E-08   .500290E+00
 50   .316667E+03   .549765E+03  -.467057E-08   .500292E+00
 51   .317000E+03   .539785E+03  -.469434E-08   .500293E+00
 52   .317333E+03   .529805E+03  -.471454E-08   .500295E+00
 53   .317667E+03   .519826E+03  -.473362E-08   .500296E+00
 54   .318000E+03   .509846E+03  -.474910E-08   .500297E+00
 55   .318333E+03   .499867E+03  -.476343E-08   .500298E+00
 56   .318667E+03   .489888E+03  -.477414E-08   .500298E+00
 57   .319000E+03   .479909E+03  -.478365E-08   .500299E+00
 58   .319333E+03   .469931E+03  -.478946E-08   .500299E+00
 59   .319667E+03   .459952E+03  -.479399E-08   .500300E+00
 60   .320000E+03   .450000E+03  -.479470E-08   .500300E+00
 20.0
  0   .300000E+03   .100000E+04   .000000E+00   .341991E+00
  1   .300333E+03   .989988E+03   .000000E+00   .341991E+00
  2   .300667E+03   .979988E+03   .000000E+00   .341991E+00
  3   .301000E+03   .969988E+03   .000000E+00   .341991E+00
  4   .301333E+03   .959988E+03   .000000E+00   .341991E+00
  5   .301667E+03   .949988E+03   .000000E+00   .341991E+00
  6   .302000E+03   .939987E+03   .000000E+00   .341991E+00
  7   .302333E+03   .929987E+03   .000000E+00   .341991E+00
  8   .302667E+03   .919987E+03   .000000E+00   .339877E+00
  9   .303000E+03   .909985E+03   .000000E+00   .339877E+00
 10   .303333E+03   .899987E+03   .000000E+00   .500633E+00
 11   .303667E+03   .890192E+03   .000000E+00   .513435E+00
 12   .304000E+03   .881215E+03   .000000E+00   .513474E+00
 13   .304333E+03   .873755E+03   .000000E+00   .512963E+00
 14   .304667E+03   .867987E+03   .000000E+00   .512963E+00
 15   .305000E+03   .863561E+03   .000000E+00   .513002E+00
 16   .305333E+03   .859986E+03   .000000E+00   .512963E+00
 17   .305667E+03   .856804E+03   .000000E+00   .512963E+00
 18   .306000E+03   .853570E+03   .000000E+00   .513002E+00
 19   .306333E+03   .849774E+03   .000000E+00   .512963E+00
 20   .306667E+03   .844812E+03   .000000E+00   .512963E+00
 21   .307000E+03   .838118E+03   .000000E+00   .513002E+00
 22   .307333E+03   .829612E+03   .000000E+00   .512963E+00
 23   .307667E+03   .819966E+03   .000000E+00   .516957E+00
 24   .308000E+03   .809986E+03   .000000E+00   .516996E+00
 25   .308333E+03   .799986E+03   .000000E+00   .353925E+00
 26   .308667E+03   .789985E+03   .000000E+00   .341517E+00
 27   .309000E+03   .779985E+03   .000000E+00   .341517E+00
 28   .309333E+03   .769985E+03   .000000E+00   .341991E+00
 29   .309667E+03   .759984E+03   .000000E+00   .341991E+00
 30   .310000E+03   .749984E+03   .000000E+00   .341991E+00
 31   .310333E+03   .739984E+03   .000000E+00   .341991E+00
 32   .310667E+03   .729984E+03   .000000E+00   .341991E+00
 33   .311000E+03   .719984E+03   .000000E+00   .341991E+00
 34   .311333E+03   .709983E+03   .000000E+00   .341991E+00
 35   .311667E+03   .699983E+03   .000000E+00   .341991E+00
 36   .312000E+03   .689983E+03   .000000E+00   .341991E+00
 37   .312333E+03   .679983E+03   .000000E+00   .341991E+00
 38   .312667E+03   .669982E+03   .000000E+00   .341991E+00
 39   .313000E+03   .659982E+03   .000000E+00   .341991E+00
 40   .313333E+03   .649982E+03   .000000E+00   .341991E+00
 41   .313667E+03   .639981E+03   .000000E+00   .341991E+00
 42   .314000E+03   .629981E+03   .000000E+00   .341991E+00
 43   .314333E+03   .619981E+03   .000000E+00   .341991E+00
 44   .314667E+03   .609981E+03   .000000E+00   .341991E+00
 45   .315000E+03   .599980E+03   .000000E+00   .341991E+00
 46   .315333E+03   .589980E+03   .000000E+00   .341991E+00
 47   .315667E+03   .579979E+03   .000000E+00   .341991E+00
 48   .316000E+03   .569979E+03   .000000E+00   .341991E+00
 49   .316333E+03   .559979E+03   .000000E+00   .341991E+00
 50   .316667E+03   .549978E+03   .000000E+00   .341991E+00
 51   .317000E+03   .539978E+03   .000000E+00   .341991E+00
 52   .317333E+03   .529978E+03   .000000E+00   .341991E+00
 53   .317667E+03   .519977E+03   .000000E+00   .341991E+00
 54   .318000E+03   .509977E+03   .000000E+00   .341991E+00
 55   .318333E+03   .499976E+03   .000000E+00   .341991E+00
 56   .318667E+03   .489976E+03   .000000E+00   .341991E+00
 57   .319000E+03   .479975E+03   .000000E+00   .341991E+00
 58   .319333E+03   .469975E+03   .000000E+00   .341991E+00
 59   .319667E+03   .459974E+03   .000000E+00   .341991E+00
 60   .320000E+03   .450000E+03   .000000E+00   .341991E+00
 20.0
  0   .300000E+03   .999495E+03   .769659E-08   .341291E+00
  1   .300333E+03   .989822E+03   .769670E-08   .341290E+00
  2   .300667E+03   .979734E+03   .767855E-08   .341287E+00
  3   .301000E+03   .969643E+03   .764168E-08   .341283E+00
  4   .301333E+03   .959559E+03   .758133E-08   .341277E+00
  5   .301667E+03   .949328E+03   .749643E-08   .341270E+00
  6   .302000E+03   .938502E+03   .737750E-08   .341261E+00
  7   .302333E+03   .927030E+03   .720263E-08   .341252E+00
  8   .302667E+03   .915492E+03   .723180E-08   .338879E+00
  9   .303000E+03   .904789E+03   .882597E-08   .338910E+00
 10   .303333E+03   .895939E+03   .123946E-07   .495910E+00
 11   .303667E+03   .889260E+03   .150350E-07   .512763E+00
 12   .304000E+03   .883756E+03   .154823E-07   .512970E+00
 13   .304333E+03   .878689E+03   .142450E-07   .512574E+00
 14   .304667E+03   .873870E+03   .133656E-07   .512788E+00
 15   .305000E+03   .869023E+03   .126417E-07   .513039E+00
 16   .305333E+03   .863807E+03   .119361E-07   .513214E+00
 17   .305667E+03   .857849E+03   .112284E-07   .513428E+00
 18   .306000E+03   .850838E+03   .104145E-07   .513683E+00
 19   .306333E+03   .842729E+03   .964602E-08   .513860E+00
 20   .306667E+03   .834095E+03   .897582E-08   .514077E+00
 21   .307000E+03   .825837E+03   .832178E-08   .514333E+00
 22   .307333E+03   .818187E+03   .774177E-08   .514513E+00
 23   .307667E+03   .810865E+03   .670749E-08   .517769E+00
 24   .308000E+03   .803310E+03   .407948E-08   .517868E+00
 25   .308333E+03   .794611E+03   .722410E-10   .349049E+00
 26   .308667E+03   .784838E+03  -.242427E-08   .343189E+00
 27   .309000E+03   .774987E+03  -.379074E-08   .343215E+00
 28   .309333E+03   .765372E+03  -.375112E-08   .343422E+00
 29   .309667E+03   .755947E+03  -.403787E-08   .343437E+00
 30   .310000E+03   .746630E+03  -.431343E-08   .343451E+00
 31   .310333E+03   .737353E+03  -.454312E-08   .343463E+00
 32   .310667E+03   .728035E+03  -.471062E-08   .343474E+00
 33   .311000E+03   .718603E+03  -.485525E-08   .343484E+00
 34   .311333E+03   .709000E+03  -.495299E-08   .343493E+00
 35   .311667E+03   .699185E+03  -.503686E-08   .343501E+00
 36   .312000E+03   .689151E+03  -.508416E-08   .343508E+00
 37   .312333E+03   .678929E+03  -.512373E-08   .343514E+00
 38   .312667E+03   .668662E+03  -.513424E-08   .343520E+00
 39   .313000E+03   .658545E+03  -.514156E-08   .343524E+00
 40   .313333E+03   .648579E+03  -.512557E-08   .343529E+00
 41   .313667E+03   .638650E+03  -.510995E-08   .343533E+00
 42   .314000E+03   .628720E+03  -.507549E-08   .343536E+00
 43   .314333E+03   .618792E+03  -.504428E-08   .343539E+00
 44   .314667E+03   .608863E+03  -.499786E-08   .343542E+00
 45   .315000E+03   .598935E+03  -.495706E-08   .343544E+00
 46   .315333E+03   .589007E+03  -.490405E-08   .343547E+00
 47   .315667E+03   .579078E+03  -.485867E-08   .343548E+00
 48   .316000E+03   .569149E+03  -.480359E-08   .343550E+00
 49   .316333E+03   .559220E+03  -.475780E-08   .343551E+00
 50   .316667E+03   .549291E+03  -.470446E-08   .343552E+00
 51   .317000E+03   .539361E+03  -.466185E-08   .343553E+00
 52   .317333E+03   .529430E+03  -.461347E-08   .343553E+00
 53   .317667E+03   .519500E+03  -.457703E-08   .343554E+00
 54   .318000E+03   .509568E+03  -.453629E-08   .343554E+00
 55   .318333E+03   .499637E+03  -.450846E-08   .343555E+00
 56   .318667E+03   .489705E+03  -.447749E-08   .343555E+00
 57   .319000E+03   .479772E+03  -.446017E-08   .343555E+00
 58   .319333E+03   .469840E+03  -.444057E-08   .343555E+00
 59   .319667E+03   .459907E+03  -.443510E-08   .343555E+00
 60   .320000E+03   .450000E+03  -.442792E-08   .343555E+00
 10.0
  0   .300000E+03   .100000E+04   .000000E+00   .173634E+00
  1   .300333E+03   .989988E+03   .000000E+00   .173634E+00
  2   .300667E+03   .979988E+03   .000000E+00   .173634E+00
  3   .301000E+03   .969988E+03   .000000E+00   .173634E+00
  4   .301333E+03   .959988E+03   .000000E+00   .173634E+00
  5   .301667E+03   .949988E+03   .000000E+00   .173634E+00
  6   .302000E+03   .939987E+03   .000000E+00   .173634E+00
  7   .302333E+03   .929987E+03   .000000E+00   .173634E+00
  8   .302667E+03   .919987E+03   .000000E+00   .173634E+00
  9   .303000E+03   .909987E+03   .000000E+00   .173634E+00
 10   .303333E+03   .899987E+03   .000000E+00   .173634E+00
 11   .303667E+03   .889987E+03   .000000E+00   .173634E+00
 12   .304000E+03   .879987E+03   .000000E+00   .173634E+00
 13   .304333E+03   .869986E+03   .000000E+00   .173634E+00
 14   .304667E+03   .859986E+03   .000000E+00   .173634E+00
 15   .305000E+03   .849986E+03   .000000E+00   .173634E+00
 16   .305333E+03   .839986E+03   .000000E+00   .173634E+00
 17   .305667E+03   .829986E+03   .000000E+00   .173634E+00
 18   .306000E+03   .819986E+03   .000000E+00   .173617E+00
 19   .306333E+03   .809985E+03   .000000E+00   .173617E+00
 20   .306667E+03   .799985E+03   .000000E+00   .174399E+00
 21   .307000E+03   .789982E+03   .000000E+00   .261017E+00
 22   .307333E+03   .779995E+03   .000000E+00   .260997E+00
 23   .307667E+03   .770364E+03   .000000E+00   .260440E+00
 24   .308000E+03   .761868E+03   .000000E+00   .260460E+00
 25   .308333E+03   .755081E+03   .000000E+00   .260440E+00
 26   .308667E+03   .749901E+03   .000000E+00   .260440E+00
 27   .309000E+03   .745863E+03   .000000E+00   .260460E+00
 28   .309333E+03   .742487E+03   .000000E+00   .260440E+00
 29   .309667E+03   .739333E+03   .000000E+00   .260440E+00
 30   .310000E+03   .735938E+03   .000000E+00   .260460E+00
 31   .310333E+03   .731759E+03   .000000E+00   .260440E+00
 32   .310667E+03   .726190E+03   .000000E+00   .260440E+00
 33   .311000E+03   .718806E+03   .000000E+00   .260497E+00
 34   .311333E+03   .709810E+03   .000000E+00   .260477E+00
 35   .311667E+03   .699987E+03   .000000E+00   .259060E+00
 36   .312000E+03   .689984E+03   .000000E+00   .172890E+00
 37   .312333E+03   .679983E+03   .000000E+00   .172890E+00
 38   .312667E+03   .669982E+03   .000000E+00   .173634E+00
 39   .313000E+03   .659982E+03   .000000E+00   .173634E+00
 40   .313333E+03   .649982E+03   .000000E+00   .173634E+00
 41   .313667E+03   .639981E+03   .000000E+00   .173634E+00
 42   .314000E+03   .629981E+03   .000000E+00   .173634E+00
 43   .314333E+03   .619981E+03   .000000E+00   .173634E+00
 44   .314667E+03   .609981E+03   .000000E+00   .173634E+00
 45   .315000E+03   .599980E+03   .000000E+00   .173634E+00
 46   .315333E+03   .589980E+03   .000000E+00   .173634E+00
 47   .315667E+03   .579979E+03   .000000E+00   .173634E+00
 48   .316000E+03   .569979E+03   .000000E+00   .173634E+00
 49   .316333E+03   .559979E+03   .000000E+00   .173634E+00
 50   .316667E+03   .549978E+03   .000000E+00   .173634E+00
 51   .317000E+03   .539978E+03   .000000E+00   .173634E+00
 52   .317333E+03   .529978E+03   .000000E+00   .173634E+00
 53   .317667E+03   .519977E+03   .000000E+00   .173634E+00
 54   .318000E+03   .509977E+03   .000000E+00   .173634E+00
 55   .318333E+03   .499976E+03   .000000E+00   .173634E+00
 56   .318667E+03   .489976E+03   .000000E+00   .173634E+00
 57   .319000E+03   .479975E+03   .000000E+00   .173634E+00
 58   .319333E+03   .469975E+03   .000000E+00   .173634E+00
 59   .319667E+03   .459974E+03   .000000E+00   .173634E+00
 60   .320000E+03   .450000E+03   .000000E+00   .173634E+00
 10.0
  0   .300000E+03   .999639E+03  -.534738E-08   .172308E+00
  1   .300333E+03   .990119E+03  -.536133E-08   .172305E+00
  2   .300667E+03   .980185E+03  -.539059E-08   .172299E+00
  3   .301000E+03   .970246E+03  -.543663E-08   .172289E+00
  4   .301333E+03   .960314E+03  -.549957E-08   .172276E+00
  5   .301667E+03   .950233E+03  -.558069E-08   .172260E+00
  6   .302000E+03   .939555E+03  -.568142E-08   .172240E+00
  7   .302333E+03   .928222E+03  -.580252E-08   .172217E+00
  8   .302667E+03   .916855E+03  -.594691E-08   .172189E+00
  9   .303000E+03   .906113E+03  -.611415E-08   .172158E+00
 10   .303333E+03   .896364E+03  -.630858E-08   .172122E+00
 11   .303667E+03   .887629E+03  -.652759E-08   .172082E+00
 12   .304000E+03   .879687E+03  -.677582E-08   .172037E+00
 13   .304333E+03   .872271E+03  -.704800E-08   .171987E+00
 14   .304667E+03   .865115E+03  -.734352E-08   .171931E+00
 15   .305000E+03   .857931E+03  -.765912E-08   .171870E+00
 16   .305333E+03   .850375E+03  -.798188E-08   .171802E+00
 17   .305667E+03   .842070E+03  -.841850E-08   .171727E+00
 18   .306000E+03   .832708E+03  -.895443E-08   .171642E+00
 19   .306333E+03   .822120E+03  -.785172E-08   .171549E+00
 20   .306667E+03   .811163E+03  -.552221E-08   .170603E+00
 21   .307000E+03   .801584E+03   .170923E-09   .255584E+00
 22   .307333E+03   .793500E+03   .390092E-08   .256375E+00
 23   .307667E+03   .785970E+03   .660646E-08   .258333E+00
 24   .308000E+03   .778348E+03   .581751E-08   .259074E+00
 25   .308333E+03   .770667E+03   .568227E-08   .259771E+00
 26   .308667E+03   .763098E+03   .646503E-08   .260465E+00
 27   .309000E+03   .755743E+03   .755328E-08   .261164E+00
 28   .309333E+03   .748613E+03   .842915E-08   .261809E+00
 29   .309667E+03   .741660E+03   .934381E-08   .262465E+00
 30   .310000E+03   .734810E+03   .102594E-07   .263133E+00
 31   .310333E+03   .727998E+03   .110855E-07   .263755E+00
 32   .310667E+03   .721147E+03   .120523E-07   .264396E+00
 33   .311000E+03   .714204E+03   .139517E-07   .265823E+00
 34   .311333E+03   .707120E+03   .125800E-07   .266570E+00
 35   .311667E+03   .699398E+03   .812502E-08   .253420E+00
 36   .312000E+03   .690423E+03   .122115E-08   .174575E+00
 37   .312333E+03   .680372E+03  -.899854E-09   .174601E+00
 38   .312667E+03   .670169E+03   .139060E-08   .177557E+00
 39   .313000E+03   .660150E+03   .316973E-08   .177403E+00
 40   .313333E+03   .650240E+03   .455454E-08   .177254E+00
 41   .313667E+03   .640333E+03   .570265E-08   .177109E+00
 42   .314000E+03   .630396E+03   .654485E-08   .176976E+00
 43   .314333E+03   .620438E+03   .721362E-08   .176849E+00
 44   .314667E+03   .610462E+03   .769307E-08   .176734E+00
 45   .315000E+03   .600471E+03   .806118E-08   .176626E+00
 46   .315333E+03   .590469E+03   .832139E-08   .176529E+00
 47   .315667E+03   .580458E+03   .851141E-08   .176438E+00
 48   .316000E+03   .570439E+03   .864391E-08   .176358E+00
 49   .316333E+03   .560414E+03   .873142E-08   .176283E+00
 50   .316667E+03   .550385E+03   .879162E-08   .176218E+00
 51   .317000E+03   .540352E+03   .882205E-08   .176158E+00
 52   .317333E+03   .530316E+03   .884337E-08   .176107E+00
 53   .317667E+03   .520278E+03   .884412E-08   .176060E+00
 54   .318000E+03   .510237E+03   .884688E-08   .176021E+00
 55   .318333E+03   .500195E+03   .883476E-08   .175987E+00
 56   .318667E+03   .490152E+03   .883148E-08   .175961E+00
 57   .319000E+03   .480108E+03   .881682E-08   .175938E+00
 58   .319333E+03   .470064E+03   .881512E-08   .175924E+00
 59   .319667E+03   .460019E+03   .880410E-08   .175913E+00
 60   .320000E+03   .450000E+03   .880823E-08   .175911E+00
 .0
  0   .300000E+03   .100000E+04   .000000E+00   .000000E+00
  1   .300333E+03   .989988E+03   .000000E+00   .000000E+00
  2   .300667E+03   .979988E+03   .000000E+00   .000000E+00
  3   .301000E+03   .969988E+03   .000000E+00   .000000E+00
  4   .301333E+03   .959988E+03   .000000E+00   .000000E+00
  5   .301667E+03   .949988E+03   .000000E+00   .000000E+00
  6   .302000E+03   .939987E+03   .000000E+00   .000000E+00
  7   .302333E+03   .929987E+03   .000000E+00   .000000E+00
  8   .302667E+03   .919987E+03   .000000E+00   .000000E+00
  9   .303000E+03   .909987E+03   .000000E+00   .000000E+00
 10   .303333E+03   .899987E+03   .000000E+00   .000000E+00
 11   .303667E+03   .889987E+03   .000000E+00   .000000E+00
 12   .304000E+03   .879987E+03   .000000E+00   .000000E+00
 13   .304333E+03   .869986E+03   .000000E+00   .000000E+00
 14   .304667E+03   .859986E+03   .000000E+00   .000000E+00
 15   .305000E+03   .849986E+03   .000000E+00   .000000E+00
 16   .305333E+03   .839986E+03   .000000E+00   .000000E+00
 17   .305667E+03   .829986E+03   .000000E+00   .000000E+00
 18   .306000E+03   .819986E+03   .000000E+00   .000000E+00
 19   .306333E+03   .809985E+03   .000000E+00   .000000E+00
 20   .306667E+03   .799985E+03   .000000E+00   .000000E+00
 21   .307000E+03   .789985E+03   .000000E+00   .000000E+00
 22   .307333E+03   .779985E+03   .000000E+00   .000000E+00
 23   .307667E+03   .769985E+03   .000000E+00   .000000E+00
 24   .308000E+03   .759982E+03   .000000E+00   .000000E+00
 25   .308333E+03   .749987E+03   .000000E+00   .000000E+00
 26   .308667E+03   .740278E+03   .000000E+00   .000000E+00
 27   .309000E+03   .731595E+03   .000000E+00   .000000E+00
 28   .309333E+03   .724575E+03   .000000E+00   .000000E+00
 29   .309667E+03   .719202E+03   .000000E+00   .000000E+00
 30   .310000E+03   .715037E+03   .000000E+00   .000000E+00
 31   .310333E+03   .711598E+03   .000000E+00   .000000E+00
 32   .310667E+03   .708440E+03   .000000E+00   .000000E+00
 33   .311000E+03   .705109E+03   .000000E+00   .000000E+00
 34   .311333E+03   .701073E+03   .000000E+00   .000000E+00
 35   .311667E+03   .695725E+03   .000000E+00   .000000E+00
 36   .312000E+03   .688586E+03   .000000E+00   .000000E+00
 37   .312333E+03   .679755E+03   .000000E+00   .000000E+00
 38   .312667E+03   .669984E+03   .000000E+00   .000000E+00
 39   .313000E+03   .659984E+03   .000000E+00   .000000E+00
 40   .313333E+03   .649982E+03   .000000E+00   .000000E+00
 41   .313667E+03   .639981E+03   .000000E+00   .000000E+00
 42   .314000E+03   .629981E+03   .000000E+00   .000000E+00
 43   .314333E+03   .619981E+03   .000000E+00   .000000E+00
 44   .314667E+03   .609981E+03   .000000E+00   .000000E+00
 45   .315000E+03   .599980E+03   .000000E+00   .000000E+00
 46   .315333E+03   .589980E+03   .000000E+00   .000000E+00
 47   .315667E+03   .579979E+03   .000000E+00   .000000E+00
 48   .316000E+03   .569979E+03   .000000E+00   .000000E+00
 49   .316333E+03   .559979E+03   .000000E+00   .000000E+00
 50   .316667E+03   .549978E+03   .000000E+00   .000000E+00
 51   .317000E+03   .539978E+03   .000000E+00   .000000E+00
 52   .317333E+03   .529978E+03   .000000E+00   .000000E+00
 53   .317667E+03   .519977E+03   .000000E+00   .000000E+00
 54   .318000E+03   .509977E+03   .000000E+00   .000000E+00
 55   .318333E+03   .499976E+03   .000000E+00   .000000E+00
 56   .318667E+03   .489976E+03   .000000E+00   .000000E+00
 57   .319000E+03   .479975E+03   .000000E+00   .000000E+00
 58   .319333E+03   .469975E+03   .000000E+00   .000000E+00
 59   .319667E+03   .459974E+03   .000000E+00   .000000E+00
 60   .320000E+03   .450000E+03   .000000E+00   .000000E+00
 .0
  0   .300000E+03   .999657E+03   .000000E+00   .475532E-13
  1   .300333E+03   .990172E+03   .730908E-16   .356506E-12
  2   .300667E+03   .980271E+03   .365454E-16   .363485E-12
  3   .301000E+03   .970366E+03  -.365454E-16   .334396E-12
  4   .301333E+03   .960468E+03   .365454E-16   .194322E-12
  5   .301667E+03   .950419E+03   .000000E+00   .284752E-12
  6   .302000E+03   .939775E+03   .000000E+00   .000000E+00
  7   .302333E+03   .928474E+03  -.365454E-16   .220032E-12
  8   .302667E+03   .917139E+03  -.365454E-16   .000000E+00
  9   .303000E+03   .906428E+03   .000000E+00   .000000E+00
 10   .303333E+03   .896708E+03  -.730908E-16   .000000E+00
 11   .303667E+03   .888002E+03  -.730908E-16   .000000E+00
 12   .304000E+03   .880088E+03   .000000E+00   .000000E+00
 13   .304333E+03   .872699E+03  -.730908E-16   .186265E-08
 14   .304667E+03   .865569E+03   .000000E+00   .000000E+00
 15   .305000E+03   .858409E+03   .365454E-16   .000000E+00
 16   .305333E+03   .850879E+03   .000000E+00   .000000E+00
 17   .305667E+03   .842603E+03   .000000E+00   .000000E+00
 18   .306000E+03   .833273E+03   .365454E-16   .000000E+00
 19   .306333E+03   .822845E+03   .000000E+00   .000000E+00
 20   .306667E+03   .811892E+03   .000000E+00   .000000E+00
 21   .307000E+03   .801325E+03  -.182727E-16   .000000E+00
 22   .307333E+03   .791350E+03  -.182727E-16   .186265E-08
 23   .307667E+03   .781841E+03  -.913635E-17   .422165E-12
 24   .308000E+03   .773262E+03   .182727E-16   .000000E+00
 25   .308333E+03   .765637E+03   .456817E-17   .997711E-12
 26   .308667E+03   .758283E+03   .456817E-17   .000000E+00
 27   .309000E+03   .751011E+03   .000000E+00   .429265E-12
 28   .309333E+03   .743944E+03   .000000E+00   .000000E+00
 29   .309667E+03   .737032E+03   .000000E+00   .000000E+00
 30   .310000E+03   .730202E+03   .365454E-16   .000000E+00
 31   .310333E+03   .723388E+03  -.365454E-16   .000000E+00
 32   .310667E+03   .716510E+03  -.109636E-15   .000000E+00
 33   .311000E+03   .709501E+03  -.146182E-15   .000000E+00
 34   .311333E+03   .702300E+03   .730908E-16   .170891E-11
 35   .311667E+03   .694869E+03   .000000E+00   .229462E-12
 36   .312000E+03   .687199E+03   .000000E+00   .000000E+00
 37   .312333E+03   .679440E+03   .146182E-15   .978679E-12
 38   .312667E+03   .671423E+03  -.730908E-16   .000000E+00
 39   .313000E+03   .662448E+03   .146182E-15   .000000E+00
 40   .313333E+03   .652530E+03   .000000E+00   .594832E-12
 41   .313667E+03   .642355E+03  -.730908E-16   .000000E+00
 42   .314000E+03   .632194E+03   .730908E-16  -.186265E-08
 43   .314333E+03   .622031E+03   .000000E+00   .185495E-12
 44   .314667E+03   .611873E+03  -.146182E-15   .000000E+00
 45   .315000E+03   .601722E+03   .000000E+00   .949621E-13
 46   .315333E+03   .591576E+03  -.730908E-16   .186265E-08
 47   .315667E+03   .581436E+03  -.730908E-16   .451991E-12
 48   .316000E+03   .571302E+03   .000000E+00   .000000E+00
 49   .316333E+03   .561173E+03   .000000E+00   .201268E-12
 50   .316667E+03   .551048E+03   .000000E+00   .186265E-08
 51   .317000E+03   .540928E+03   .730908E-16   .130486E-11
 52   .317333E+03   .530812E+03  -.109636E-15   .000000E+00
 53   .317667E+03   .520700E+03  -.730908E-16   .825473E-12
 54   .318000E+03   .510590E+03   .730908E-16   .405916E-14
 55   .318333E+03   .500484E+03  -.730908E-16   .544147E-12
 56   .318667E+03   .490379E+03   .146182E-15   .329868E-12
 57   .319000E+03   .480276E+03  -.365454E-16   .358952E-12
 58   .319333E+03   .470174E+03   .730908E-16   .212087E-12
 59   .319667E+03   .460073E+03   .000000E+00   .519620E-12
 60   .320000E+03   .450000E+03   .365454E-16   .324260E-12
