 600.   
 30.0
  0   .300000E+03   .100000E+04   .299991E+03   .955657E+00
  1   .300333E+03   .984973E+03   .299034E+03   .132910E+03
  2   .300667E+03   .969972E+03   .298060E+03   .266447E+03
  3   .301000E+03   .954972E+03   .297070E+03   .401569E+03
  4   .301333E+03   .939972E+03   .296048E+03   .539720E+03
  5   .301667E+03   .924971E+03   .295009E+03   .679463E+03
  6   .302000E+03   .909971E+03   .293968E+03   .819362E+03
  7   .302333E+03   .894970E+03   .292895E+03   .962302E+03
  8   .302667E+03   .879969E+03   .291805E+03   .110685E+04
  9   .303000E+03   .864928E+03   .290683E+03   .125444E+04
 10   .303333E+03   .850350E+03   .289601E+03   .139785E+04
 11   .303667E+03   .838259E+03   .288742E+03   .151821E+04
 12   .304000E+03   .830530E+03   .288279E+03   .159805E+04
 13   .304333E+03   .826434E+03   .288183E+03   .164019E+04
 14   .304667E+03   .823677E+03   .288228E+03   .166783E+04
 15   .305000E+03   .819730E+03   .288159E+03   .170717E+04
 16   .305333E+03   .811957E+03   .287690E+03   .178738E+04
 17   .305667E+03   .799663E+03   .286734E+03   .191731E+04
 18   .306000E+03   .785001E+03   .285532E+03   .207222E+04
 19   .306333E+03   .769966E+03   .284284E+03   .223168E+04
 20   .306667E+03   .754965E+03   .282990E+03   .239571E+04
 21   .307000E+03   .739964E+03   .281678E+03   .256139E+04
 22   .307333E+03   .724963E+03   .280348E+03   .272871E+04
 23   .307667E+03   .709962E+03   .278971E+03   .290062E+04
 24   .308000E+03   .694962E+03   .277562E+03   .307566E+04
 25   .308333E+03   .679961E+03   .276135E+03   .325236E+04
 26   .308667E+03   .664960E+03   .274690E+03   .343073E+04
 27   .309000E+03   .649959E+03   .273198E+03   .361372E+04
 28   .309333E+03   .634958E+03   .271673E+03   .379985E+04
 29   .309667E+03   .619957E+03   .270115E+03   .398915E+04
 30   .310000E+03   .604956E+03   .268510E+03   .418309E+04
 31   .310333E+03   .589955E+03   .266871E+03   .438021E+04
 32   .310667E+03   .574953E+03   .265200E+03   .458050E+04
 33   .311000E+03   .559952E+03   .263495E+03   .478398E+04
 34   .311333E+03   .544951E+03   .261743E+03   .499214E+04
 35   .311667E+03   .529949E+03   .259928E+03   .520648E+04
 36   .312000E+03   .514948E+03   .258079E+03   .542403E+04
 37   .312333E+03   .499946E+03   .256196E+03   .564479E+04
 38   .312667E+03   .484945E+03   .254236E+03   .587325E+04
 39   .313000E+03   .469943E+03   .252228E+03   .610644E+04
 40   .313333E+03   .454941E+03   .250170E+03   .634437E+04
 41   .313667E+03   .439939E+03   .248035E+03   .659004E+04
 42   .314000E+03   .424937E+03   .245850E+03   .684048E+04
 43   .314333E+03   .409935E+03   .243601E+03   .709718E+04
 44   .314667E+03   .394932E+03   .241274E+03   .736167E+04
 45   .315000E+03   .379930E+03   .238883E+03   .763246E+04
 46   .315333E+03   .364927E+03   .236397E+03   .791257E+04
 47   .315667E+03   .349924E+03   .233817E+03   .820202E+04
 48   .316000E+03   .334920E+03   .231143E+03   .850083E+04
 49   .316333E+03   .319916E+03   .228374E+03   .880902E+04
 50   .316667E+03   .304912E+03   .225510E+03   .912662E+04
 51   .317000E+03   .289908E+03   .222506E+03   .945817E+04
 52   .317333E+03   .274903E+03   .219377E+03   .980219E+04
 53   .317667E+03   .259897E+03   .216122E+03   .101587E+05
 54   .318000E+03   .244891E+03   .212696E+03   .105323E+05
 55   .318333E+03   .229884E+03   .209099E+03   .109230E+05
 56   .318667E+03   .214876E+03   .205316E+03   .113324E+05
 57   .319000E+03   .199866E+03   .201331E+03   .117621E+05
 58   .319333E+03   .184855E+03   .197098E+03   .122165E+05
 59   .319667E+03   .169842E+03   .192573E+03   .127005E+05
 60   .320000E+03   .155000E+03   .187903E+03   .131987E+05
 .0
  0   .300000E+03   .100000E+04   .299991E+03   .955657E+00
  1   .300333E+03   .984973E+03   .299034E+03   .132910E+03
  2   .300667E+03   .969972E+03   .298060E+03   .266447E+03
  3   .301000E+03   .954972E+03   .297070E+03   .401569E+03
  4   .301333E+03   .939972E+03   .296048E+03   .539720E+03
  5   .301667E+03   .924971E+03   .295009E+03   .679463E+03
  6   .302000E+03   .909971E+03   .293968E+03   .819362E+03
  7   .302333E+03   .894970E+03   .292895E+03   .962302E+03
  8   .302667E+03   .879970E+03   .291805E+03   .110685E+04
  9   .303000E+03   .864969E+03   .290697E+03   .125300E+04
 10   .303333E+03   .849969E+03   .289558E+03   .140220E+04
 11   .303667E+03   .834968E+03   .288402E+03   .155303E+04
 12   .304000E+03   .819967E+03   .287228E+03   .170547E+04
 13   .304333E+03   .804967E+03   .286037E+03   .185953E+04
 14   .304667E+03   .789966E+03   .284814E+03   .201667E+04
 15   .305000E+03   .774966E+03   .283559E+03   .217689E+04
 16   .305333E+03   .759965E+03   .282287E+03   .233875E+04
 17   .305667E+03   .744964E+03   .280997E+03   .250224E+04
 18   .306000E+03   .729963E+03   .279675E+03   .266884E+04
 19   .306333E+03   .714963E+03   .278320E+03   .283854E+04
 20   .306667E+03   .699961E+03   .276934E+03   .301136E+04
 21   .307000E+03   .684920E+03   .275515E+03   .318730E+04
 22   .307333E+03   .670342E+03   .274135E+03   .335902E+04
 23   .307667E+03   .658255E+03   .273010E+03   .350447E+04
 24   .308000E+03   .650529E+03   .272371E+03   .360006E+04
 25   .308333E+03   .646434E+03   .272177E+03   .365012E+04
 26   .308667E+03   .643677E+03   .272139E+03   .368402E+04
 27   .309000E+03   .639730E+03   .271957E+03   .373273E+04
 28   .309333E+03   .631952E+03   .271312E+03   .382877E+04
 29   .309667E+03   .619654E+03   .270072E+03   .398555E+04
 30   .310000E+03   .604991E+03   .268510E+03   .417505E+04
 31   .310333E+03   .589955E+03   .266871E+03   .437217E+04
 32   .310667E+03   .574953E+03   .265214E+03   .457098E+04
 33   .311000E+03   .559952E+03   .263495E+03   .477594E+04
 34   .311333E+03   .544951E+03   .261728E+03   .498559E+04
 35   .311667E+03   .529949E+03   .259942E+03   .519695E+04
 36   .312000E+03   .514948E+03   .258079E+03   .541598E+04
 37   .312333E+03   .499946E+03   .256182E+03   .563824E+04
 38   .312667E+03   .484945E+03   .254236E+03   .586521E+04
 39   .313000E+03   .469943E+03   .252228E+03   .609840E+04
 40   .313333E+03   .454941E+03   .250170E+03   .633633E+04
 41   .313667E+03   .439939E+03   .248049E+03   .658050E+04
 42   .314000E+03   .424937E+03   .245865E+03   .683093E+04
 43   .314333E+03   .409935E+03   .243601E+03   .708914E+04
 44   .314667E+03   .394932E+03   .241274E+03   .735363E+04
 45   .315000E+03   .379930E+03   .238868E+03   .762592E+04
 46   .315333E+03   .364927E+03   .236382E+03   .790603E+04
 47   .315667E+03   .349924E+03   .233817E+03   .819397E+04
 48   .316000E+03   .334920E+03   .231143E+03   .849279E+04
 49   .316333E+03   .319916E+03   .228374E+03   .880098E+04
 50   .316667E+03   .304912E+03   .225510E+03   .911857E+04
 51   .317000E+03   .289908E+03   .222506E+03   .945012E+04
 52   .317333E+03   .274903E+03   .219377E+03   .979415E+04
 53   .317667E+03   .259897E+03   .216122E+03   .101507E+05
 54   .318000E+03   .244891E+03   .212696E+03   .105243E+05
 55   .318333E+03   .229884E+03   .209099E+03   .109150E+05
 56   .318667E+03   .214876E+03   .205331E+03   .113229E+05
 57   .319000E+03   .199866E+03   .201331E+03   .117540E+05
 58   .319333E+03   .184855E+03   .197084E+03   .122100E+05
 59   .319667E+03   .169842E+03   .192573E+03   .126925E+05
 60   .320000E+03   .155000E+03   .187918E+03   .131891E+05
