 600.
 2800.0
 .0
  0   .300000E+03   .100000E+04   .000000E+00   .000000E+00
  1   .300333E+03   .990656E+03   .000000E+00   .000000E+00
  2   .300667E+03   .981323E+03   .000000E+00   .000000E+00
  3   .301000E+03   .971989E+03   .000000E+00   .000000E+00
  4   .301333E+03   .962656E+03   .000000E+00   .000000E+00
  5   .301667E+03   .953323E+03   .000000E+00   .000000E+00
  6   .302000E+03   .943989E+03   .000000E+00   .000000E+00
  7   .302333E+03   .934656E+03   .000000E+00   .000000E+00
  8   .302667E+03   .925322E+03   .000000E+00   .000000E+00
  9   .303000E+03   .915989E+03   .000000E+00   .000000E+00
 10   .303333E+03   .906655E+03   .000000E+00   .000000E+00
 11   .303667E+03   .897322E+03   .000000E+00   .000000E+00
 12   .304000E+03   .887988E+03   .000000E+00   .000000E+00
 13   .304333E+03   .878655E+03   .000000E+00   .000000E+00
 14   .304667E+03   .869321E+03   .000000E+00   .000000E+00
 15   .305000E+03   .859988E+03   .000000E+00   .000000E+00
 16   .305333E+03   .850655E+03   .000000E+00   .000000E+00
 17   .305667E+03   .841321E+03   .000000E+00   .000000E+00
 18   .306000E+03   .831988E+03   .000000E+00   .000000E+00
 19   .306333E+03   .822654E+03   .000000E+00   .000000E+00
 20   .306667E+03   .813321E+03   .000000E+00   .000000E+00
 21   .307000E+03   .803987E+03   .000000E+00   .000000E+00
 22   .307333E+03   .794654E+03   .000000E+00   .000000E+00
 23   .307667E+03   .785320E+03   .000000E+00   .000000E+00
 24   .308000E+03   .775987E+03   .000000E+00   .000000E+00
 25   .308333E+03   .766653E+03   .000000E+00   .000000E+00
 26   .308667E+03   .757320E+03   .000000E+00   .000000E+00
 27   .309000E+03   .747986E+03   .000000E+00   .000000E+00
 28   .309333E+03   .738653E+03   .000000E+00   .000000E+00
 29   .309667E+03   .729319E+03   .000000E+00   .000000E+00
 30   .310000E+03   .719986E+03   .000000E+00   .000000E+00
 31   .310333E+03   .710652E+03   .000000E+00   .000000E+00
 32   .310667E+03   .701319E+03   .000000E+00   .000000E+00
 33   .311000E+03   .691985E+03   .000000E+00   .000000E+00
 34   .311333E+03   .682651E+03   .000000E+00   .000000E+00
 35   .311667E+03   .673318E+03   .000000E+00   .000000E+00
 36   .312000E+03   .663984E+03   .000000E+00   .000000E+00
 37   .312333E+03   .654651E+03   .000000E+00   .000000E+00
 38   .312667E+03   .645317E+03   .000000E+00   .000000E+00
 39   .313000E+03   .635984E+03   .000000E+00   .000000E+00
 40   .313333E+03   .626650E+03   .000000E+00   .000000E+00
 41   .313667E+03   .617317E+03   .000000E+00   .000000E+00
 42   .314000E+03   .607983E+03   .000000E+00   .000000E+00
 43   .314333E+03   .598649E+03   .000000E+00   .000000E+00
 44   .314667E+03   .589316E+03   .000000E+00   .000000E+00
 45   .315000E+03   .579982E+03   .000000E+00   .000000E+00
 46   .315333E+03   .570649E+03   .000000E+00   .000000E+00
 47   .315667E+03   .561315E+03   .000000E+00   .000000E+00
 48   .316000E+03   .551981E+03   .000000E+00   .000000E+00
 49   .316333E+03   .542648E+03   .000000E+00   .000000E+00
 50   .316667E+03   .533314E+03   .000000E+00   .000000E+00
 51   .317000E+03   .523980E+03   .000000E+00   .000000E+00
 52   .317333E+03   .514647E+03   .000000E+00   .000000E+00
 53   .317667E+03   .505313E+03   .000000E+00   .000000E+00
 54   .318000E+03   .495979E+03   .000000E+00   .000000E+00
 55   .318333E+03   .486645E+03   .000000E+00   .000000E+00
 56   .318667E+03   .477312E+03   .000000E+00   .000000E+00
 57   .319000E+03   .467978E+03   .000000E+00   .000000E+00
 58   .319333E+03   .458644E+03   .000000E+00   .000000E+00
 59   .319667E+03   .449310E+03   .000000E+00   .000000E+00
 60   .320000E+03   .440000E+03   .000000E+00   .000000E+00
 .0
  0   .300000E+03   .100002E+04   .000000E+00  -.186265E-08
  1   .300333E+03   .990761E+03   .000000E+00   .186265E-08
  2   .300667E+03   .981591E+03  -.456817E-17   .000000E+00
  3   .301000E+03   .972422E+03  -.456817E-17   .000000E+00
  4   .301333E+03   .963253E+03  -.228409E-17   .000000E+00
  5   .301667E+03   .954084E+03   .000000E+00   .000000E+00
  6   .302000E+03   .944915E+03   .000000E+00   .000000E+00
  7   .302333E+03   .935747E+03   .000000E+00   .000000E+00
  8   .302667E+03   .926580E+03   .000000E+00   .000000E+00
  9   .303000E+03   .917413E+03  -.342613E-17   .000000E+00
 10   .303333E+03   .908247E+03  -.399715E-17   .186265E-08
 11   .303667E+03   .899082E+03  -.128480E-17  -.186265E-08
 12   .304000E+03   .889919E+03  -.228409E-17   .000000E+00
 13   .304333E+03   .880757E+03   .000000E+00  -.186265E-08
 14   .304667E+03   .871596E+03  -.456817E-17   .000000E+00
 15   .305000E+03   .862450E+03   .456817E-17   .186265E-08
 16   .305333E+03   .853352E+03   .182727E-16   .000000E+00
 17   .305667E+03   .844362E+03  -.182727E-16   .918441E-12
 18   .306000E+03   .835503E+03   .000000E+00   .186265E-08
 19   .306333E+03   .826645E+03   .182727E-16   .000000E+00
 20   .306667E+03   .817656E+03   .182727E-16   .186265E-08
 21   .307000E+03   .808561E+03   .000000E+00   .000000E+00
 22   .307333E+03   .799416E+03   .000000E+00  -.186265E-08
 23   .307667E+03   .790256E+03  -.228409E-17  -.186265E-08
 24   .308000E+03   .781094E+03  -.428266E-18  -.186265E-08
 25   .308333E+03   .771931E+03   .000000E+00   .000000E+00
 26   .308667E+03   .762765E+03   .000000E+00   .000000E+00
 27   .309000E+03   .753596E+03   .000000E+00   .000000E+00
 28   .309333E+03   .744426E+03   .000000E+00   .000000E+00
 29   .309667E+03   .735255E+03   .000000E+00  -.186265E-08
 30   .310000E+03   .726082E+03   .000000E+00   .000000E+00
 31   .310333E+03   .716907E+03   .000000E+00   .000000E+00
 32   .310667E+03   .707731E+03   .000000E+00   .000000E+00
 33   .311000E+03   .698554E+03   .000000E+00   .186265E-08
 34   .311333E+03   .689376E+03  -.182727E-16   .186265E-08
 35   .311667E+03   .680197E+03   .456817E-17   .000000E+00
 36   .312000E+03   .671017E+03   .000000E+00   .000000E+00
 37   .312333E+03   .661836E+03  -.182727E-16  -.186265E-08
 38   .312667E+03   .652655E+03  -.913635E-17   .000000E+00
 39   .313000E+03   .643472E+03   .000000E+00   .000000E+00
 40   .313333E+03   .634289E+03   .000000E+00   .000000E+00
 41   .313667E+03   .625105E+03  -.913635E-17   .000000E+00
 42   .314000E+03   .615920E+03   .000000E+00   .000000E+00
 43   .314333E+03   .606735E+03   .000000E+00   .000000E+00
 44   .314667E+03   .597549E+03  -.913635E-17   .000000E+00
 45   .315000E+03   .588362E+03  -.182727E-16   .186265E-08
 46   .315333E+03   .579175E+03   .913635E-17  -.186265E-08
 47   .315667E+03   .569988E+03  -.182727E-16   .698047E-13
 48   .316000E+03   .560800E+03   .000000E+00   .000000E+00
 49   .316333E+03   .551611E+03   .000000E+00   .000000E+00
 50   .316667E+03   .542422E+03   .000000E+00   .000000E+00
 51   .317000E+03   .533233E+03   .182727E-16   .000000E+00
 52   .317333E+03   .524043E+03   .000000E+00   .000000E+00
 53   .317667E+03   .514852E+03   .000000E+00  -.186265E-08
 54   .318000E+03   .505662E+03  -.182727E-16   .186265E-08
 55   .318333E+03   .496471E+03  -.913635E-17   .000000E+00
 56   .318667E+03   .487280E+03  -.274090E-16   .000000E+00
 57   .319000E+03   .478088E+03   .000000E+00   .192942E-13
 58   .319333E+03   .468896E+03  -.182727E-16  -.186265E-08
 59   .319667E+03   .459704E+03   .913635E-17   .000000E+00
 60   .320000E+03   .440000E+03  -.365454E-16   .000000E+00
